10 30 253 49  1 1 1  2 5 5 2 0
4 1
1 5
0 0
2 1
3 2
0 0
0 0
0 0
0 0
0 0
0 0
0 0
0 0
0 0
0 0
0 0
0 0
0 0
0 0
0 0
0 0
0 0
0 0
0 0
0 0
0 0
0 0
0 0
0 0
0 0
0 0
0 0
0 0
0 0
0 0
0 0
0 0
0 0
0 0
0 0
0 0
0 0
0 0
0 0
0 0
0 0
0 0
0 0
0 0
0 0
0 0
0 0
0 0
0 0
0 0
0 0
0 0
0 0
0 0
0 0
0 0
0 0
0 0
0 0
0 0
0 0
0 0
0 0
0 0
0 0
0 0
0 0
0 0
0 0
0 0
0 0
0 0
0 0
0 0
0 0
0 0
0 0
0 0
0 0
0 0
0 0
0 0
0 0
0 0
0 0
0 0
0 0
0 0
0 0
0 0
0 0
0 0
0 0
0 0
0 0
1 Richard 99 49 99 15 15 49 10 10 20 75 75 0 0 1 0 0 0 0 2 2 3 0 0 0
1 2 0 0 0 0 0 0 0 0 
0 0 0 0 0 
2 Johnny 49 99 49 10 10 99 15 15 20 100 100 0 0 1 0 0 0 0 2 2 3 0 0 0
0 0 3 0 0 0 0 0 0 0 
0 0 0 0 0 
0 _ 0 0 0 0 0 0 0 0 0 0 0 0 0 0 0 0 0 0 0 0 0 0 0 0
0 0 0 0 0 0 0 0 0 0 
0 0 0 0 0 
0 _ 0 0 0 0 0 0 0 0 0 0 0 0 0 0 0 0 0 0 0 0 0 0 0 0
0 0 0 0 0 0 0 0 0 0 
0 0 0 0 0 
