4 100 3759 115470  1 0 1  3 5 6 3 3
0 0
1 5
0 0
2 1
3 2
0 0
0 0
0 0
0 0
0 0
0 0
0 0
0 0
0 0
0 0
0 0
0 0
0 0
0 0
0 0
0 0
0 0
0 0
0 0
0 0
0 0
0 0
0 0
0 0
0 0
0 0
0 0
0 0
0 0
0 0
0 0
0 0
0 0
0 0
0 0
0 0
0 0
0 0
0 0
0 0
6 1
0 0
0 0
0 0
0 0
0 0
0 0
0 0
0 0
7 1
0 0
0 0
0 0
0 0
0 0
0 0
0 0
0 0
0 0
0 0
0 0
0 0
0 0
0 0
0 0
0 0
0 0
8 1
9 1
0 0
0 0
0 0
0 0
0 0
0 0
0 0
0 0
0 0
0 0
0 0
0 0
0 0
0 0
0 0
0 0
0 0
0 0
0 0
0 0
0 0
0 0
0 0
0 0
4 10
5 1
1 Richard 99 49 99 4 5 49 10 10 20 50 50 0 0 1 0 0 0 0 11 2 3 0 0 15
1 2 0 4 0 0 0 0 0 0 
0 0 0 0 0 
0 _ 0 0 0 0 0 0 0 0 0 0 0 0 0 0 0 0 0 0 0 0 0 0 0 0
0 0 0 0 0 0 0 0 0 0 
0 0 0 0 0 
0 _ 0 0 0 0 0 0 0 0 0 0 0 0 0 0 0 0 0 0 0 0 0 0 0 0
0 0 0 0 0 0 0 0 0 0 
0 0 0 0 0 
2 Johnny 49 99 49 6 3 99 15 15 20 50 50 0 0 1 0 0 0 0 2 2 12 0 0 0
0 0 3 0 0 0 0 0 0 0 
0 0 0 0 0 
