4	35
3.17706	-4.90752	-7.87273	2.1098
-0.702113	-2.95432	-8.92552	-0.894974
5.54967	-4.89529	-3.72288	4.58959
-0.240877	-2.17176	-6.72664	-1.40634
4.76055	-3.72453	-2.56453	2.98131
1.25802	-2.26269	-4.39158	0.107785
2.50837	-2.65089	-3.35106	1.2047
-2.83385	-0.794794	-6.34873	-1.96842
-0.404819	-1.1951	-5.04802	-2.46615
0.881379	-1.77133	-3.61732	-0.0234637
2.13173	-2.15953	-2.57679	1.07345
4.5966	-2.74787	-0.885909	1.9215
4.66829	-3.12396	-0.105562	4.61305
-1.37079	-0.697685	-4.40385	-1.80008
3.63063	-2.25046	-0.241736	2.58757
-0.497078	-0.594521	-2.58906	-0.834416
2.00363	-1.37091	-0.508	1.35941
-2.50071	0.776389	-2.08106	-2.19383
2.50071	-0.776389	2.08106	2.19383
-4.71704	1.66199	-2.47741	-2.62466
2.78509	-0.667171	3.76576	3.95681
0.0948845	1.16168	1.35349	-2.80426
1.34524	0.773482	2.39402	-1.70735
-2.38027	1.86227	1.28226	-1.49066
0.120438	1.08588	3.36332	0.703168
-1.29386	2.45073	4.00141	-1.45356
-4.13537	3.53044	3.08479	-2.43286
-1.6705	2.94209	4.77567	-1.58481
-0.384301	2.36585	6.20637	0.85788
-6.3517	4.41604	2.68844	-2.8637
-2.04714	3.43345	5.54994	-1.71606
-0.0999207	2.47507	7.89108	2.62087
-2.42378	3.92481	6.3242	-1.84731
-5.22944	4.81647	5.79776	-1.48082
-2.72873	4.04008	7.87881	0.713001
82
2	0	1
2	0	2
2	0	3
2	0	4
2	0	5
2	0	6
2	1	3
2	1	7
2	2	4
2	2	12
2	3	7
2	3	8
2	3	9
2	4	10
2	4	11
2	4	12
2	5	9
2	6	10
2	7	8
2	7	13
2	7	19
2	8	9
2	9	13
2	9	15
2	10	11
2	10	14
2	10	16
2	11	12
2	12	14
2	12	20
2	13	17
2	14	18
2	15	17
2	15	21
2	15	23
2	16	18
2	16	22
2	16	24
2	17	19
2	17	23
2	18	20
2	18	24
2	19	26
2	19	29
2	20	28
2	20	31
2	21	22
2	21	23
2	22	24
2	23	24
2	23	25
2	23	26
2	24	25
2	24	28
2	25	26
2	25	27
2	25	28
2	26	27
2	26	29
2	26	30
2	26	32
2	26	33
2	27	28
2	27	30
2	28	30
2	28	31
2	28	32
2	28	34
2	29	33
2	30	32
2	31	34
2	32	33
2	32	34
2	33	34
3	3	7	8
3	3	8	9
3	4	10	11
3	4	11	12
4	7	8	9	13
4	10	11	12	14
4	15	21	22	23
4	16	21	22	24