4	20
-0.412481	0.6794	0.38409	-1.47703
0.837875	0.291206	1.42462	-0.380114
0.340798	-0.303315	-1.16444	-1.21453
1.59115	-0.691509	-0.12391	-0.117618
-1.59115	0.691509	0.12391	0.117618
-0.340798	0.303315	1.16444	1.21453
-0.837875	-0.291206	-1.42462	0.380114
0.412481	-0.6794	-0.38409	1.47703
-0.831418	0.533797	-0.328219	-1.28697
-0.20624	0.3397	0.192045	-0.738513
-0.454779	0.0424396	-1.10248	-1.15572
0.170399	-0.151657	-0.582219	-0.607265
-1.42075	0.539852	-0.458309	-0.489648
-0.795577	0.345755	0.0619548	0.0588088
-1.04412	0.048494	-1.23257	-0.358399
-0.418938	-0.145603	-0.712309	0.190057
-0.518829	0.436749	-0.0680869	-1.01274
-0.14219	-0.0546089	-0.842351	-0.881493
-1.10817	0.442803	-0.198177	-0.215419
-0.731526	-0.0485545	-0.972441	-0.0841712
104
2	0	1
2	0	2
2	0	4
2	1	3
2	1	5
2	2	3
2	2	6
2	3	7
2	4	5
2	4	6
2	5	7
2	6	7
3	0	1	2
3	0	1	4
3	0	2	4
3	1	0	3
3	1	0	5
3	1	3	5
3	2	3	0
3	2	3	6
3	2	0	6
3	3	2	1
3	3	2	7
3	3	1	7
3	4	5	6
3	4	5	0
3	4	6	0
3	5	4	7
3	5	4	1
3	5	7	1
3	6	7	4
3	6	7	2
3	6	4	2
3	7	6	5
3	7	6	3
3	7	5	3
4	0	1	2	4
4	1	0	3	5
4	2	3	0	6
4	3	2	1	7
4	4	5	6	0
4	5	4	7	1
4	6	7	4	2
4	7	6	5	3
2	8	9
2	8	10
2	8	12
2	9	11
2	9	13
2	10	11
2	10	14
2	11	15
2	12	13
2	12	14
2	13	15
2	14	15
3	8	9	10
3	8	9	12
3	8	10	12
3	9	8	11
3	9	8	13
3	9	11	13
3	10	11	8
3	10	11	14
3	10	8	14
3	11	10	9
3	11	10	15
3	11	9	15
3	12	13	14
3	12	13	8
3	12	14	8
3	13	12	15
3	13	12	9
3	13	15	9
3	14	15	12
3	14	15	10
3	14	12	10
3	15	14	13
3	15	14	11
3	15	13	11
4	8	9	10	12
4	9	8	11	13
4	10	11	8	14
4	11	10	9	15
4	12	13	14	8
4	13	12	15	9
4	14	15	12	10
4	15	14	13	11
2	16	17
2	17	19
2	19	18
2	18	16
3	16	17	18
3	17	16	19
3	18	16	19
3	19	17	18
2	16	8
2	16	9
2	17	10
2	17	11
2	18	12
2	18	13
2	19	14
2	19	15