3	35	
0	10	1
-5	8	1
5	8	1
-4	6	0
4	6	0
-1	5	0
1	5	0
-6	4	1
-4	4	-1
-1	4	0
1	4	0
4	4	-1
6	4	1
-4	3	0
4	3	0
-2	2	0
2	2	0
-4	0	0
4	0	0
-6	-1	1
6	-1	1
-1	-2	-2.5
1	-2	-2.5
-2	-3	0
2	-3	0
0	-5	-1
-3	-6	0
0	-6	-1
3	-6	0
-5	-7	1
0	-7	-1
5	-7	1
0	-8	-1
-2	-9	1
2	-9	1
82		
2	0	1
2	0	2
2	0	3
2	0	4
2	0	5
2	0	6
2	1	3
2	1	7
2	2	4
2	2	12
2	3	7
2	3	8
2	3	9
2	4	10
2	4	11
2	4	12
2	5	9
2	6	10
2	7	8
2	7	13
2	7	19
2	8	9
2	9	13
2	9	15
2	10	11
2	10	14
2	10	16
2	11	12
2	12	14
2	12	20
2	13	17
2	14	18
2	15	17
2	15	21
2	15	23
2	16	18
2	16	22
2	16	24
2	17	19
2	17	23
2	18	20
2	18	24
2	19	26
2	19	29
2	20	28
2	20	31
2	21	22
2	21	23
2	22	24
2	23	24
2	23	25
2	23	26
2	24	25
2	24	28
2	25	26
2	25	27
2	25	28
2	26	27
2	26	29
2	26	30
2	26	32
2	26	33
2	27	28
2	27	30
2	28	30
2	28	31
2	28	32
2	28	34
2	29	33
2	30	32
2	31	34
2	32	33
2	32	34
2	33	34
3	3	7	8
3	3	8	9
3	4	10	11
3	4	11	12
4	7	8	9	13
4	10	11	12	14
4	15	21	22	23
4	16	21	22	24
