 NOUVEAU SUJET
0 10053
1 33939
2 44099
3 46552
4 51486
5 60433
6 72606
7 81886
8 96913
9 124114
10 130941
11 136181
12 141741
13 151661
 NOUVEAU SUJET
0 18191
1 25078
2 39146
3 44199
4 48452
5 55426
6 66666
7 76626
8 90587
9 116187
10 123054
11 130587
12 136841
13 146774
 NOUVEAU SUJET
0 10773
1 18743
2 28292
3 29904
4 33890
5 40690
6 51224
7 61064
8 77744
9 100759
10 107198
11 115359
12 120251
13 130119
 NOUVEAU SUJET
0 14862
1 22795
2 33249
3 35635
4 39996
5 47049
6 59289
7 69902
8 84743
9 102704
10 111903
11 116291
12 121584
13 132025
 NOUVEAU SUJET
0 17549
1 27043
2 37109
3 41537
4 47790
5 56777
6 71364
7 83244
8 101858
9 132205
10 141219
11 150472
12 158473
13 170419
 NOUVEAU SUJET
0 15005
1 21646
2 31326
3 34020
4 39340
5 46434
6 57554
7 69607
8 84848
9 107475
10 115195
11 119675
12 125301
13 135196
 NOUVEAU SUJET
0 13916
1 20957
2 30544
3 32197
4 36198
5 42691
6 54092
7 63945
8 77745
9 114986
10 121667
11 125226
12 130026
13 139946
 NOUVEAU SUJET
0 21049
1 28217
2 38215
3 39867
4 43909
5 52416
6 63416
7 73376
8 88816
9 112710
10 120351
11 124964
12 130071
13 139978
 NOUVEAU SUJET
0 18158
1 26914
2 38408
3 41036
4 45035
5 51756
6 63436
7 74715
8 94597
9 137704
10 150371
11 159331
12 165092
13 175065
 NOUVEAU SUJET
0 12988
1 18892
2 28492
3 30239
4 34785
5 41825
6 52653
7 63159
8 77306
9 94920
10 101360
11 104920
12 109601
13 119574
 NOUVEAU SUJET
0 10832
1 17878
2 28252
3 30171
4 36038
5 45919
6 62773
7 75266
8 91200
9 139654
10 147401
11 152255
12 158080
13 167988
 NOUVEAU SUJET
0 15652
1 22597
2 32223
3 33797
4 38650
5 45264
6 55771
7 64958
8 78771
9 100585
10 107092
11 112292
12 117386
13 127319
 NOUVEAU SUJET
0 16753
1 23120
2 32694
3 34241
4 38254
5 44934
6 55428
7 64628
8 78495
9 95949
10 102455
11 110683
12 116269
13 126175
 NOUVEAU SUJET
0 11193
1 21910
2 33363
3 35003
4 39709
5 46804
6 57417
7 68204
8 82565
9 109472
10 117499
11 121325
12 126060
13 136272
 NOUVEAU SUJET
0 13086
1 24942
2 36209
3 41275
4 46289
5 55356
6 68716
7 78210
8 93143
9 126197
10 135357
11 140171
12 146771
13 157092
 NOUVEAU SUJET
0 15774
1 24643
2 36363
3 39963
4 43950
5 50630
6 62191
7 73030
8 87391
9 139231
10 148485
11 152286
12 157006
13 166953
 NOUVEAU SUJET
0 14498
1 20852
2 31195
3 35402
4 40194
5 47170
6 58305
7 67945
8 82905
9 112653
10 120453
11 125906
12 131133
13 141040
 NOUVEAU SUJET
0 15723
1 91123
2 104310
3 111737
4 115697
5 123391
6 135071
7 148831
8 164469
9 188405
10 197139
11 202139
12 208193
13 219259
 NOUVEAU SUJET
0 13727
1 27345
2 38265
3 40411
4 44385
5 50892
6 61452
7 71399
8 85627
9 126720
10 133881
11 138614
12 144080
13 153962
 NOUVEAU SUJET
0 14232
1 21011
2 30755
3 32505
4 36480
5 43107
6 53733
7 64067
8 78228
9 105988
10 113095
11 116749
12 121575
13 131429
 NOUVEAU SUJET
0 14495
1 26070
2 35670
3 47204
4 52538
5 59925
6 70898
7 82325
8 97406
9 122219
10 129753
11 133459
12 138553
13 148486
 NOUVEAU SUJET
0 14976
1 21835
2 31437
3 33091
4 39918
5 47318
6 58185
7 67358
8 81572
9 105333
10 112519
11 116679
12 122519
13 132720
 NOUVEAU SUJET
0 13703
1 21837
2 32638
3 34798
4 38771
5 46238
6 57492
7 68252
8 82545
9 99959
10 106626
11 110226
12 115040
13 124986
 NOUVEAU SUJET
0 15486
1 23344
2 34784
3 37013
4 41134
5 48187
6 59441
7 70268
8 84454
9 107895
10 116882
11 120909
12 125828
13 135722
 NOUVEAU SUJET
0 16946
1 29024
2 40011
3 45784
4 51238
5 60865
6 72611
7 83491
8 98838
9 140773
10 150680
11 158067
12 163907
13 176027
 NOUVEAU SUJET
0 16958
1 26742
2 36356
3 39462
4 44222
5 51849
6 64543
7 80637
8 97424
9 121411
10 142691
11 146945
12 153452
13 163398
 NOUVEAU SUJET
0 12141
1 19619
2 29206
3 30765
4 39032
5 46592
6 57193
7 68966
8 83834
9 131568
10 147555
11 151102
12 155808
13 165688
 NOUVEAU SUJET
0 13833
1 21044
2 31004
3 33124
4 37764
5 44457
6 55365
7 66498
8 81392
9 107646
10 115099
11 119939
12 125286
13 135166
 NOUVEAU SUJET
0 14394
1 23193
2 32794
3 35033
4 39340
5 48793
6 62461
7 74208
8 90981
9 116902
10 133209
11 138023
12 144316
13 154183
 NOUVEAU SUJET
0 13881
1 27292
2 45505
3 49332
4 53359
5 60226
6 70852
7 80439
8 94694
9 116947
10 123799
11 128761
12 134534
13 144401
 NOUVEAU SUJET
0 17125
1 23558
2 33240
3 34761
4 62321
5 73522
6 85335
7 94548
8 108375
9 151829
10 159363
11 167324
12 175031
13 184897
 NOUVEAU SUJET
0 15621
1 23285
2 35205
3 38245
4 46365
5 55539
6 67366
7 78646
8 92980
9 146621
10 157475
11 162995
12 171155
13 181569
 NOUVEAU SUJET
0 10750
1 17890
2 30810
3 33143
4 37170
5 43651
6 54131
7 65610
8 79611
9 99052
10 106452
11 110385
12 115212
13 125212
 NOUVEAU SUJET
0 21424
1 34724
2 44671
3 46351
4 51871
5 60392
6 71112
7 81419
8 97166
9 118566
10 125259
11 161900
12 169101
13 178954
 NOUVEAU SUJET
0 13588
1 27270
2 37938
3 39511
4 43524
5 50631
6 65498
7 77085
8 92019
9 156888
10 173355
11 178248
12 185769
13 195688
 NOUVEAU SUJET
0 14776
1 30639
2 63333
3 76266
4 80226
5 90347
6 108000
7 122201
8 141708
9 169828
10 180882
11 187855
12 196282
13 218575
 NOUVEAU SUJET
0 15768
1 23566
2 34127
3 36433
4 41234
5 48540
6 60234
7 71300
8 85941
9 137342
10 151343
11 156916
12 168957
13 180597
 NOUVEAU SUJET
0 15255
1 35375
2 44949
3 46709
4 60802
5 70496
6 87124
7 96603
8 111591
9 155139
10 164685
11 170353
12 175193
13 185085
 NOUVEAU SUJET
0 43420
1 190301
2 201287
3 203595
4 208126
5 219529
6 232181
7 244021
 NOUVEAU SUJET
0 72521
1 83385
2 92957
3 94517
4 98571
5 110104
6 124798
7 135158
8 155732
9 180919
10 188466
11 191972
12 196799
13 206786
 NOUVEAU SUJET
0 3922
1 13684
2 23284
3 24964
4 29844
5 38577
6 49510
7 58618
8 72285
9 89698
10 96698
11 100218
12 104966
13 115366
 NOUVEAU SUJET
0 13097
1 24025
2 40175
3 42951
4 49770
5 60562
6 79450
7 94052
8 120682
9 149949
10 162110
11 168726
12 177044
13 193169
 NOUVEAU SUJET
0 33210
1 41885
2 68283
3 72405
4 78837
5 89194
6 135600
7 145532
8 162851
9 181498
10 189085
11 195330
12 201215
13 224717
 NOUVEAU SUJET
0 19300
1 29659
2 39875
3 43301
4 49008
5 55742
6 71168
7 81380
8 95821
9 127142
10 135023
11 161263
12 167624
13 177850
 NOUVEAU SUJET
0 20263
1 85006
2 94757
3 96441
4 100477
5 112231
6 214515
7 249276
8 262982
9 353263
10 359890
