3	20
-1	-1	-1
1	-1	-1
-1	1	-1
1	1	-1
-1	-1	1
1	-1	1
-1	1	1
1	1	1
-1.5	-0.5	-0.5
-0.5	-0.5	-0.5
-1.5	0.5	-0.5
-0.5	0.5	-0.5
-1.5	-0.5	0.5
-0.5	-0.5	0.5
-1.5	0.5	0.5
-0.5	0.5	0.5
-1	-0.5	-0.5
-1	0.5	-0.5
-1	-0.5	0.5
-1	0.5	0.5
104
2	0	1
2	0	2
2	0	4
2	1	3
2	1	5
2	2	3
2	2	6
2	3	7
2	4	5
2	4	6
2	5	7
2	6	7
3	0	1	2
3	0	1	4
3	0	2	4
3	1	0	3
3	1	0	5
3	1	3	5
3	2	3	0
3	2	3	6
3	2	0	6
3	3	2	1
3	3	2	7
3	3	1	7
3	4	5	6
3	4	5	0
3	4	6	0
3	5	4	7
3	5	4	1
3	5	7	1
3	6	7	4
3	6	7	2
3	6	4	2
3	7	6	5
3	7	6	3
3	7	5	3
4	0	1	2	4
4	1	0	3	5
4	2	3	0	6
4	3	2	1	7
4	4	5	6	0
4	5	4	7	1
4	6	7	4	2
4	7	6	5	3
2	8	9
2	8	10
2	8	12
2	9	11
2	9	13
2	10	11
2	10	14
2	11	15
2	12	13
2	12	14
2	13	15
2	14	15
3	8	9	10
3	8	9	12
3	8	10	12
3	9	8	11
3	9	8	13
3	9	11	13
3	10	11	8
3	10	11	14
3	10	8	14
3	11	10	9
3	11	10	15
3	11	9	15
3	12	13	14
3	12	13	8
3	12	14	8
3	13	12	15
3	13	12	9
3	13	15	9
3	14	15	12
3	14	15	10
3	14	12	10
3	15	14	13
3	15	14	11
3	15	13	11
4	8	9	10	12
4	9	8	11	13
4	10	11	8	14
4	11	10	9	15
4	12	13	14	8
4	13	12	15	9
4	14	15	12	10
4	15	14	13	11
2	16	17
2	17	19
2	19	18
2	18	16
3	16	17	18
3	17	16	19
3	18	16	19
3	19	17	18
2	16	8
2	16	9
2	17	10
2	17	11
2	18	12
2	18	13
2	19	14
2	19	15
