4	16
-1	-1	-1	-1
1	-1	-1	-1
-1	1	-1	-1
1	1	-1	-1
-1	-1	1	-1
1	-1	1	-1
-1	1	1	-1
1	1	1	-1
-1	-1	-1	1
1	-1	-1	1
-1	1	-1	1
1	1	-1	1
-1	-1	1	1
1	-1	1	1
-1	1	1	1
1	1	1	1
24
4	0	1	3	2
4	4	5	7	6
4	8	9	11	10
4	12	13	15	14

4	0	1	5	4
4	2	3	7	6
4	8	9	13	12
4	10	11	15	14

4	0	2	6	4
4	1	3	7	5
4	8	10	14	12
4	9	11	15	13

4	0	1	9	8
4	2	3	11	10
4	4	5	13	12
4	6	7	15	14

4	0	2	10	8
4	1	3	11	9
4	4	6	14	12
4	5	7	15	13

4	0	4	12	8
4	1	5	13	9
4	2	6	14	10
4	3	7	15	11

192
2	0	1
2	0	2
2	0	4
2	0	8
2	1	3
2	1	5
2	1	9
2	2	3
2	2	6
2	2	10
2	3	7
2	3	11
2	4	5
2	4	6
2	4	12
2	5	7
2	5	13
2	6	7
2	6	14
2	7	15
2	8	9
2	8	10
2	8	12
2	9	11
2	9	13
2	10	11
2	10	14
2	11	15
2	12	13
2	12	14
2	13	15
2	14	15
3	0	1	2
3	0	1	4
3	0	1	8
3	0	2	4
3	0	2	8
3	0	4	8
3	1	0	3
3	1	0	5
3	1	0	9
3	1	3	5
3	1	3	9
3	1	5	9
3	2	3	0
3	2	3	6
3	2	3	10
3	2	0	6
3	2	0	10
3	2	6	10
3	3	2	1
3	3	2	7
3	3	2	11
3	3	1	7
3	3	1	11
3	3	7	11
3	4	5	6
3	4	5	0
3	4	5	12
3	4	6	0
3	4	6	12
3	4	0	12
3	5	4	7
3	5	4	1
3	5	4	13
3	5	7	1
3	5	7	13
3	5	1	13
3	6	7	4
3	6	7	2
3	6	7	14
3	6	4	2
3	6	4	14
3	6	2	14
3	7	6	5
3	7	6	3
3	7	6	15
3	7	5	3
3	7	5	15
3	7	3	15
3	8	9	10
3	8	9	12
3	8	9	0
3	8	10	12
3	8	10	0
3	8	12	0
3	9	8	11
3	9	8	13
3	9	8	1
3	9	11	13
3	9	11	1
3	9	13	1
3	10	11	8
3	10	11	14
3	10	11	2
3	10	8	14
3	10	8	2
3	10	14	2
3	11	10	9
3	11	10	15
3	11	10	3
3	11	9	15
3	11	9	3
3	11	15	3
3	12	13	14
3	12	13	8
3	12	13	4
3	12	14	8
3	12	14	4
3	12	8	4
3	13	12	15
3	13	12	9
3	13	12	5
3	13	15	9
3	13	15	5
3	13	9	5
3	14	15	12
3	14	15	10
3	14	15	6
3	14	12	10
3	14	12	6
3	14	10	6
3	15	14	13
3	15	14	11
3	15	14	7
3	15	13	11
3	15	13	7
3	15	11	7
4	0	1	2	4
4	0	1	2	8
4	0	1	4	8
4	0	2	4	8
4	1	0	3	5
4	1	0	3	9
4	1	0	5	9
4	1	3	5	9
4	2	3	0	6
4	2	3	0	10
4	2	3	6	10
4	2	0	6	10
4	3	2	1	7
4	3	2	1	11
4	3	2	7	11
4	3	1	7	11
4	4	5	6	0
4	4	5	6	12
4	4	5	0	12
4	4	6	0	12
4	5	4	7	1
4	5	4	7	13
4	5	4	1	13
4	5	7	1	13
4	6	7	4	2
4	6	7	4	14
4	6	7	2	14
4	6	4	2	14
4	7	6	5	3
4	7	6	5	15
4	7	6	3	15
4	7	5	3	15
4	8	9	10	12
4	8	9	10	0
4	8	9	12	0
4	8	10	12	0
4	9	8	11	13
4	9	8	11	1
4	9	8	13	1
4	9	11	13	1
4	10	11	8	14
4	10	11	8	2
4	10	11	14	2
4	10	8	14	2
4	11	10	9	15
4	11	10	9	3
4	11	10	15	3
4	11	9	15	3
4	12	13	14	8
4	12	13	14	4
4	12	13	8	4
4	12	14	8	4
4	13	12	15	9
4	13	12	15	5
4	13	12	9	5
4	13	15	9	5
4	14	15	12	10
4	14	15	12	6
4	14	15	10	6
4	14	12	10	6
4	15	14	13	11
4	15	14	13	7
4	15	14	11	7
4	15	13	11	7
