10	35
-1.47232	1.64172	-2.77513	0.0366209	5.08961	6.11136	1.70158	2.054	-3.94024	1.03816
-3.27793	1.88674	-3.97627	-1.63346	1.66272	6.69087	2.25307	0.0214281	-1.79434	0.465399
0.763858	0.631894	-0.612749	1.91232	6.55353	3.09746	0.295337	3.20828	-4.43462	1.10662
-2.26257	1.64916	-2.78726	-1.72674	0.988129	5.08896	2.06524	0.0427126	-1.42118	0.499974
0.970863	0.645286	-0.096444	1.10989	4.90077	2.21423	0.499057	2.59219	-3.5334	1.01295
-0.942389	1.0815	-1.53789	-0.611597	1.96463	3.40233	1.26423	0.779192	-1.80038	0.566263
-0.134031	0.830535	-0.865191	0.09756	2.94279	2.68365	0.872684	1.41656	-2.32843	0.694507
-3.25154	1.2474	-3.35138	-1.78243	-0.789325	4.61581	1.59407	-1.17556	0.121208	-0.103031
-1.65138	1.53707	-1.9346	-2.17459	-0.175545	3.84639	2.07319	-0.254688	-0.783986	0.470428
-0.834747	0.8903	-1.29759	-0.560193	1.47389	2.79374	1.05054	0.559617	-1.3875	0.440186
-0.0263893	0.639331	-0.624882	0.148964	2.45205	2.07505	0.658993	1.19699	-1.91555	0.56843
1.58205	0.533194	0.756213	0.662041	3.7371	0.971659	0.507005	2.29479	-2.8962	0.983404
1.59861	-0.258406	0.684837	2.47251	5.07964	0.303721	-0.755201	2.64866	-3.04712	0.666433
-1.93964	1.07555	-2.06633	-1.57252	-0.484096	3.26316	1.42417	-0.616014	-0.182535	0.121743
1.29379	0.0716746	0.624482	1.2641	3.42855	0.388432	-0.142017	1.93347	-2.29475	0.634719
-1.02364	0.633376	-1.15332	-0.811964	0.00332277	1.93588	0.818928	-0.198219	-0.297708	0.12391
0.593074	0.131439	0.192087	0.606349	1.95964	0.498516	0.0358373	1.07652	-1.35382	0.380398
-1.61672	0.501937	-1.34541	-1.41831	-1.95632	1.43736	0.783091	-1.27474	1.05611	-0.256488
1.61672	-0.501937	1.34541	1.41831	1.95632	-1.43736	-0.783091	1.27474	-1.05611	0.256488
-2.71333	0.291386	-2.14984	-1.52541	-3.24303	1.57282	0.525615	-2.27344	2.18561	-0.733417
2.13682	-1.21443	1.88638	2.72953	2.62593	-2.73927	-1.82366	1.55078	-0.982712	0.0360475
0.800855	0.418866	1.07436	-1.62841	-1.92604	-0.921286	0.856716	-0.40346	0.618365	0.240243
1.60921	0.167898	1.74707	-0.919258	-0.947879	-1.63997	0.46517	0.23391	0.090311	0.368487
-0.485432	-0.322643	0.048222	-0.554946	-2.45039	-1.10711	-0.249529	-1.2961	1.7667	-0.506475
1.13128	-0.82458	1.39363	0.863368	-0.494065	-2.54448	-1.03262	-0.0213563	0.710589	-0.249987
0.93411	-0.685703	1.57358	-0.293639	-2.6359	-3.06837	-0.633127	-0.956127	1.87584	-0.407778
-0.566685	-0.77077	0.432796	-0.755313	-4.41169	-2.57357	-0.69483	-2.27351	3.26937	-0.948828
1.04175	-0.876907	1.81389	-0.242236	-3.12664	-3.67696	-0.846818	-1.1757	2.28872	-0.533855
1.85839	-1.52368	2.45091	1.37216	-1.47721	-4.72961	-1.86947	-0.361398	1.68521	-0.564096
-1.6633	-0.981322	-0.371639	-0.862408	-5.69841	-2.43811	-0.952306	-3.2722	4.39887	-1.42576
1.14939	-1.06811	2.0542	-0.190832	-3.61738	-4.28556	-1.06051	-1.39528	2.7016	-0.659932
2.37849	-2.23616	2.99188	2.68337	-0.8076	-6.03152	-2.91003	-0.0853534	1.7586	-0.784537
1.25704	-1.25931	2.29451	-0.139428	-4.10813	-4.89416	-1.2742	-1.61485	3.11448	-0.786009
-0.235479	-1.74018	1.11803	0.304134	-5.21265	-4.73333	-1.96701	-2.7553	4.43255	-1.48555
1.38124	-2.24212	2.46344	1.72245	-3.25633	-6.1707	-2.7501	-1.48056	3.37645	-1.22906
82
2	0	1
2	0	2
2	0	3
2	0	4
2	0	5
2	0	6
2	1	3
2	1	7
2	2	4
2	2	12
2	3	7
2	3	8
2	3	9
2	4	10
2	4	11
2	4	12
2	5	9
2	6	10
2	7	8
2	7	13
2	7	19
2	8	9
2	9	13
2	9	15
2	10	11
2	10	14
2	10	16
2	11	12
2	12	14
2	12	20
2	13	17
2	14	18
2	15	17
2	15	21
2	15	23
2	16	18
2	16	22
2	16	24
2	17	19
2	17	23
2	18	20
2	18	24
2	19	26
2	19	29
2	20	28
2	20	31
2	21	22
2	21	23
2	22	24
2	23	24
2	23	25
2	23	26
2	24	25
2	24	28
2	25	26
2	25	27
2	25	28
2	26	27
2	26	29
2	26	30
2	26	32
2	26	33
2	27	28
2	27	30
2	28	30
2	28	31
2	28	32
2	28	34
2	29	33
2	30	32
2	31	34
2	32	33
2	32	34
2	33	34
3	3	7	8
3	3	8	9
3	4	10	11
3	4	11	12
4	7	8	9	13
4	10	11	12	14
4	15	21	22	23
4	16	21	22	24