20	120
0.240953	-0.101835	-0.094184	-0.503639	0.172229	0.170407	0.255594	-0.0984125	-0.102049	-0.0358442	-0.0179059	0.0720803	0.0771226	-0.135842	-0.513582	-0.24598	0.133119	-0.351321	0.180142	-0.0313374
0.536238	-0.193511	0.151548	-0.244592	0.529542	-0.0921205	0.112566	0.134412	-0.294942	0.011002	-0.0375254	0.183941	-0.0402452	-0.12421	-0.121044	0.11528	0.250918	-0.162706	-0.130949	0.0615122
-0.0963849	-0.301761	-0.345171	-0.254633	-0.0549607	0.0745472	-0.033188	-0.371731	0.255167	-0.242711	-0.00985862	0.335017	0.15165	-0.287451	-0.378148	-0.197864	0.138085	0.0179617	-0.000849132	0.179341
0.1989	-0.393438	-0.0994396	0.00441445	0.302351	-0.18798	-0.176216	-0.138906	0.0622738	-0.195864	-0.0294781	0.446878	0.034282	-0.275819	0.0143895	0.163396	0.255883	0.206577	-0.31194	0.272191
0.0486962	0.0101735	-0.33568	-0.068754	-0.158938	0.0185958	0.352081	0.0663096	-0.231715	0.205631	0.00913478	-0.122012	-0.119318	-0.0907865	-0.154449	-0.36948	-0.224477	-0.544795	0.0689865	-0.271851
0.343981	-0.0815027	-0.0899479	0.190294	0.198374	-0.243931	0.209053	0.299134	-0.424608	0.252478	-0.0104847	-0.0101518	-0.236686	-0.0791544	0.238088	-0.00822066	-0.106678	-0.35618	-0.242105	-0.179002
-0.288642	-0.189753	-0.586667	0.180252	-0.386128	-0.0772636	0.0632989	-0.207009	0.1255	-0.00123488	0.017182	0.140924	-0.044791	-0.242395	-0.0190158	-0.321364	-0.219511	-0.175512	-0.112005	-0.0611725
0.00664264	-0.281429	-0.340935	0.4393	-0.0288161	-0.339791	-0.0797287	0.0258162	-0.0673924	0.0456113	-0.00243746	0.252785	-0.162159	-0.230763	0.373522	0.0398953	-0.101713	0.0131027	-0.423096	0.0316771
-0.00664264	0.281429	0.340935	-0.4393	0.0288161	0.339791	0.0797287	-0.0258162	0.0673924	-0.0456113	0.00243746	-0.252785	0.162159	0.230763	-0.373522	-0.0398953	0.101713	-0.0131027	0.423096	-0.0316771
0.288642	0.189753	0.586667	-0.180252	0.386128	0.0772636	-0.0632989	0.207009	-0.1255	0.00123488	-0.017182	-0.140924	0.044791	0.242395	0.0190158	0.321364	0.219511	0.175512	0.112005	0.0611725
-0.343981	0.0815027	0.0899479	-0.190294	-0.198374	0.243931	-0.209053	-0.299134	0.424608	-0.252478	0.0104847	0.0101518	0.236686	0.0791544	-0.238088	0.00822066	0.106678	0.35618	0.242105	0.179002
-0.0486962	-0.0101735	0.33568	0.068754	0.158938	-0.0185958	-0.352081	-0.0663096	0.231715	-0.205631	-0.00913478	0.122012	0.119318	0.0907865	0.154449	0.36948	0.224477	0.544795	-0.0689865	0.271851
-0.1989	0.393438	0.0994396	-0.00441445	-0.302351	0.18798	0.176216	0.138906	-0.0622738	0.195864	0.0294781	-0.446878	-0.034282	0.275819	-0.0143895	-0.163396	-0.255883	-0.206577	0.31194	-0.272191
0.0963849	0.301761	0.345171	0.254633	0.0549607	-0.0745472	0.033188	0.371731	-0.255167	0.242711	0.00985862	-0.335017	-0.15165	0.287451	0.378148	0.197864	-0.138085	-0.0179617	0.000849132	-0.179341
-0.536238	0.193511	-0.151548	0.244592	-0.529542	0.0921205	-0.112566	-0.134412	0.294942	-0.011002	0.0375254	-0.183941	0.0402452	0.12421	0.121044	-0.11528	-0.250918	0.162706	0.130949	-0.0615122
-0.240953	0.101835	0.094184	0.503639	-0.172229	-0.170407	-0.255594	0.0984125	0.102049	0.0358442	0.0179059	-0.0720803	-0.0771226	0.135842	0.513582	0.24598	-0.133119	0.351321	-0.180142	0.0313374
0.295285	-0.0916762	0.245732	0.259048	0.357312	-0.262527	-0.143028	0.232825	-0.192893	0.0468462	-0.0196195	0.111861	-0.117368	0.0116321	0.392538	0.36126	0.117799	0.188615	-0.311091	0.0928496
-0.295285	0.0916762	-0.245732	-0.259048	-0.357312	0.262527	0.143028	-0.232825	0.192893	-0.0468462	0.0196195	-0.111861	0.117368	-0.0116321	-0.392538	-0.36126	-0.117799	-0.188615	0.311091	-0.0928496
-0.337338	-0.199926	-0.250987	0.249006	-0.22719	-0.0958594	-0.288782	-0.273318	0.357215	-0.206866	0.00804725	0.262937	0.0745272	-0.151608	0.135434	0.048116	0.0049655	0.369282	-0.180992	0.210679
0.337338	0.199926	0.250987	-0.249006	0.22719	0.0958594	0.288782	0.273318	-0.357215	0.206866	-0.00804725	-0.262937	-0.0745272	0.151608	-0.135434	-0.048116	-0.0049655	-0.369282	0.180992	-0.210679
-0.192257	0.112009	-0.241496	0.434885	-0.331168	-0.151811	0.0964869	0.164722	-0.129666	0.241476	0.0270406	-0.194093	-0.196441	0.0450557	0.359133	-0.123501	-0.357596	-0.193474	-0.111156	-0.240514
0.192257	-0.112009	0.241496	-0.434885	0.331168	0.151811	-0.0964869	-0.164722	0.129666	-0.241476	-0.0270406	0.194093	0.196441	-0.0450557	-0.359133	0.123501	0.357596	0.193474	0.111156	0.240514
-0.247596	0.383264	0.435119	0.0643395	-0.143413	0.169384	-0.175865	0.0725963	0.169441	-0.00976714	0.0203433	-0.324865	0.0850362	0.366605	0.14006	0.206084	-0.0314066	0.338218	0.242954	-0.000339669
0.247596	-0.383264	-0.435119	-0.0643395	0.143413	-0.169384	0.175865	-0.0725963	-0.169441	0.00976714	-0.0203433	0.324865	-0.0850362	-0.366605	-0.14006	-0.206084	0.0314066	-0.338218	-0.242954	0.000339669
-0.0108105	0.139518	0.0013188	-0.468464	-0.0731402	0.307231	0.230287	-0.102602	0.0175149	-0.0090863	0.00349286	-0.161988	0.118393	0.0524707	-0.496265	-0.278159	0.0127194	-0.277447	0.376523	-0.106133
0.46697	-0.00881706	0.398921	-0.049316	0.505003	-0.117547	-0.00113689	0.274116	-0.294592	0.0667125	-0.0282521	0.0190069	-0.0715126	0.0712918	0.138875	0.306371	0.203321	0.0277383	-0.126833	0.0441004
-0.348149	-0.0604081	-0.249669	-0.219458	-0.30033	0.211371	-0.0584953	-0.37592	0.37473	-0.215953	0.0115401	0.100949	0.19292	-0.0991378	-0.360831	-0.230043	0.0176849	0.0918352	0.195531	0.104545
0.129632	-0.208743	0.147934	0.19969	0.277813	-0.213406	-0.289919	0.000798198	0.0626232	-0.140154	-0.0202049	0.281943	0.00301456	-0.0803167	0.274309	0.354487	0.208287	0.397021	-0.307825	0.254779
-0.129632	0.208743	-0.147934	-0.19969	-0.277813	0.213406	0.289919	-0.000798198	-0.0626232	0.140154	0.0202049	-0.281943	-0.00301456	0.0803167	-0.274309	-0.354487	-0.208287	-0.397021	0.307825	-0.254779
0.348149	0.0604081	0.249669	0.219458	0.30033	-0.211371	0.0584953	0.37592	-0.37473	0.215953	-0.0115401	-0.100949	-0.19292	0.0991378	0.360831	0.230043	-0.0176849	-0.0918352	-0.195531	-0.104545
-0.46697	0.00881706	-0.398921	0.049316	-0.505003	0.117547	0.00113689	-0.274116	0.294592	-0.0667125	0.0282521	-0.0190069	0.0715126	-0.0712918	-0.138875	-0.306371	-0.203321	-0.0277383	0.126833	-0.0441004
0.0108105	-0.139518	-0.0013188	0.468464	0.0731402	-0.307231	-0.230287	0.102602	-0.0175149	0.0090863	-0.00349286	0.161988	-0.118393	-0.0524707	0.496265	0.278159	-0.0127194	0.277447	-0.376523	0.106133
0.277793	0.134069	0.247866	-0.498943	0.238969	0.234583	0.229584	0.0668112	-0.164553	0.0321443	-0.0139679	-0.150241	0.0741953	0.0965315	-0.410435	-0.0888117	0.138379	-0.260304	0.298136	-0.0788779
0.460289	0.0774099	0.399736	-0.338843	0.4598	0.0723319	0.141188	0.210705	-0.283767	0.0610968	-0.0260934	-0.0811069	0.00165799	0.10372	-0.167834	0.134459	0.211183	-0.143733	0.105871	-0.0214937
-0.268032	-0.189419	-0.158241	-0.0960426	-0.128632	0.0794789	-0.237675	-0.375427	0.413434	-0.302573	-0.00094721	0.2752	0.194783	-0.148776	-0.191299	-0.0109584	0.146413	0.337207	0.00528513	0.262007
-0.0855358	-0.246078	-0.00636996	0.0640576	0.0921987	-0.0827718	-0.326071	-0.231533	0.294219	-0.27362	-0.0130727	0.344333	0.122246	-0.141587	0.0513027	0.212312	0.219217	0.453778	-0.18698	0.319392
0.0855358	0.246078	0.00636996	-0.0640576	-0.0921987	0.0827718	0.326071	0.231533	-0.294219	0.27362	0.0130727	-0.344333	-0.122246	0.141587	-0.0513027	-0.212312	-0.219217	-0.453778	0.18698	-0.319392
0.268032	0.189419	0.158241	0.0960426	0.128632	-0.0794789	0.237675	0.375427	-0.413434	0.302573	0.00094721	-0.2752	-0.194783	0.148776	0.191299	0.0109584	-0.146413	-0.337207	-0.00528513	-0.262007
-0.460289	-0.0774099	-0.399736	0.338843	-0.4598	-0.0723319	-0.141188	-0.210705	0.283767	-0.0610968	0.0260934	0.0811069	-0.00165799	-0.10372	0.167834	-0.134459	-0.211183	0.143733	-0.105871	0.0214937
-0.277793	-0.134069	-0.247866	0.498943	-0.238969	-0.234583	-0.229584	-0.0668112	0.164553	-0.0321443	0.0139679	0.150241	-0.0741953	-0.0965315	0.410435	0.0888117	-0.138379	0.260304	-0.298136	0.0788779
0.11214	0.0170018	0.150068	-0.5583	0.15947	0.283703	0.0826928	-0.165215	0.0909629	-0.154856	-0.0145533	0.0198422	0.194578	0.00458271	-0.528665	-0.0955844	0.228867	-0.0518982	0.301402	0.0830516
0.407425	-0.0746744	0.395799	-0.299253	0.516782	0.0211761	-0.0603348	0.0676094	-0.10193	-0.10801	-0.0341728	0.131703	0.0772099	0.0162148	-0.136127	0.265675	0.346666	0.136717	-0.00968896	0.175901
-0.0963463	-0.106559	-0.00505117	-0.404406	0.0190585	0.224459	-0.0957842	-0.334135	0.311734	-0.282706	-0.00957986	0.182346	0.240638	-0.0891165	-0.444962	-0.0658471	0.231936	0.176331	0.189543	0.213258
0.198939	-0.198236	0.240681	-0.145359	0.376371	-0.0380682	-0.238812	-0.101311	0.118841	-0.23586	-0.0291994	0.294207	0.12327	-0.0774844	-0.0524242	0.295413	0.349735	0.364946	-0.121548	0.306108
-0.198939	0.198236	-0.240681	0.145359	-0.376371	0.0380682	0.238812	0.101311	-0.118841	0.23586	0.0291994	-0.294207	-0.12327	0.0774844	0.0524242	-0.295413	-0.349735	-0.364946	0.121548	-0.306108
0.0963463	0.106559	0.00505117	0.404406	-0.0190585	-0.224459	0.0957842	0.334135	-0.311734	0.282706	0.00957986	-0.182346	-0.240638	0.0891165	0.444962	0.0658471	-0.231936	-0.176331	-0.189543	-0.213258
-0.407425	0.0746744	-0.395799	0.299253	-0.516782	-0.0211761	0.0603348	-0.0676094	0.10193	0.10801	0.0341728	-0.131703	-0.0772099	-0.0162148	0.136127	-0.265675	-0.346666	-0.136717	0.00968896	-0.175901
-0.11214	-0.0170018	-0.150068	0.5583	-0.15947	-0.283703	-0.0826928	0.165215	-0.0909629	0.154856	0.0145533	-0.0198422	-0.194578	-0.00458271	0.528665	0.0955844	-0.228867	0.0518982	-0.301402	-0.0830516
0.201781	0.0891467	-0.054272	-0.350856	0.0494617	0.156473	0.359489	0.0822732	-0.244907	0.146954	-0.00298705	-0.168262	-0.0278875	0.0035506	-0.349118	-0.28324	-0.0532113	-0.497578	0.226894	-0.216763
0.497066	-0.00252947	0.19146	-0.0918083	0.406774	-0.106054	0.216461	0.315098	-0.4378	0.1938	-0.0226065	-0.056401	-0.145255	0.0151827	0.0434199	0.0780196	0.0645873	-0.308963	-0.084197	-0.123913
-0.344044	-0.234341	-0.460378	0.0520443	-0.31814	0.0013691	-0.10777	-0.359965	0.33308	-0.187763	0.0100337	0.257179	0.0927	-0.241757	-0.129982	-0.205387	-0.0451769	0.0999331	-0.0659566	0.124123
-0.0487587	-0.326017	-0.214646	0.311092	0.0391726	-0.261158	-0.250798	-0.12714	0.140187	-0.140917	-0.00958582	0.369039	-0.0246678	-0.230125	0.262556	0.155873	0.0726216	0.288548	-0.377048	0.216972
0.0487587	0.326017	0.214646	-0.311092	-0.0391726	0.261158	0.250798	0.12714	-0.140187	0.140917	0.00958582	-0.369039	0.0246678	0.230125	-0.262556	-0.155873	-0.0726216	-0.288548	0.377048	-0.216972
0.344044	0.234341	0.460378	-0.0520443	0.31814	-0.0013691	0.10777	0.359965	-0.33308	0.187763	-0.0100337	-0.257179	-0.0927	0.241757	0.129982	0.205387	0.0451769	-0.0999331	0.0659566	-0.124123
-0.497066	0.00252947	-0.19146	0.0918083	-0.406774	0.106054	-0.216461	-0.315098	0.4378	-0.1938	0.0226065	0.056401	0.145255	-0.0151827	-0.0434199	-0.0780196	-0.0645873	0.308963	0.084197	0.123913
-0.201781	-0.0891467	0.054272	0.350856	-0.0494617	-0.156473	-0.359489	-0.0822732	0.244907	-0.146954	0.00298705	0.168262	0.0278875	-0.0035506	0.349118	0.28324	0.0532113	0.497578	-0.226894	0.216763
-0.0662504	-0.100272	-0.212513	-0.446899	-0.0791707	0.235952	0.121814	-0.293154	0.168526	-0.155619	-0.00393426	0.106938	0.166895	-0.145226	-0.540417	-0.294199	0.0932021	-0.160371	0.232179	0.045245
0.411531	-0.248607	0.18509	-0.0277507	0.498973	-0.188826	-0.10961	0.0835647	-0.143581	-0.0798202	-0.0356793	0.287932	-0.0230098	-0.126405	0.0947226	0.290332	0.283804	0.144815	-0.271177	0.195479
-0.258508	0.0117368	-0.454008	-0.0120133	-0.410338	0.0841409	0.2183	-0.128432	0.0388602	0.0858567	0.0231064	-0.0871547	-0.0295455	-0.10017	-0.181284	-0.417699	-0.264394	-0.353845	0.121023	-0.195269
0.219273	-0.136598	-0.0564059	0.407135	0.167805	-0.340637	-0.013123	0.248287	-0.273247	0.161655	-0.00863861	0.0938397	-0.219451	-0.0813488	0.453855	0.166831	-0.0737918	-0.0486594	-0.382333	-0.045035
-0.219273	0.136598	0.0564059	-0.407135	-0.167805	0.340637	0.013123	-0.248287	0.273247	-0.161655	0.00863861	-0.0938397	0.219451	0.0813488	-0.453855	-0.166831	0.0737918	0.0486594	0.382333	0.045035
0.258508	-0.0117368	0.454008	0.0120133	0.410338	-0.0841409	-0.2183	0.128432	-0.0388602	-0.0858567	-0.0231064	0.0871547	0.0295455	0.10017	0.181284	0.417699	0.264394	0.353845	-0.121023	0.195269
-0.411531	0.248607	-0.18509	0.0277507	-0.498973	0.188826	0.10961	-0.0835647	0.143581	0.0798202	0.0356793	-0.287932	0.0230098	0.126405	-0.0947226	-0.290332	-0.283804	-0.144815	0.271177	-0.195479
0.0662504	0.100272	0.212513	0.446899	0.0791707	-0.235952	-0.121814	0.293154	-0.168526	0.155619	0.00393426	-0.106938	-0.166895	0.145226	0.540417	0.294199	-0.0932021	0.160371	-0.232179	-0.045245
0.40072	-0.109089	0.186409	-0.496215	0.425832	0.118405	0.120677	-0.0190373	-0.126066	-0.0889065	-0.0321864	0.125945	0.0953827	-0.0739338	-0.401542	0.0121725	0.296524	-0.132632	0.105346	0.0893453
0.0633816	-0.309015	-0.0645789	-0.247209	0.198642	0.0225452	-0.168105	-0.292356	0.23115	-0.295773	-0.0241392	0.388882	0.16991	-0.225542	-0.266109	0.0602885	0.301489	0.23665	-0.0756455	0.300024
0.0896412	0.072145	-0.20434	0.207445	-0.110008	-0.12723	0.276796	0.247489	-0.33587	0.301809	0.0115663	-0.188104	-0.222465	-0.00103211	0.179547	-0.187656	-0.282079	-0.44568	-0.0745081	-0.299814
-0.247697	-0.127781	-0.455327	0.456451	-0.337198	-0.22309	-0.0119861	-0.0258297	0.0213454	0.094943	0.0196135	0.0748328	-0.147938	-0.152641	0.31498	-0.13954	-0.277113	-0.0763977	-0.2555	-0.0891354
0.247697	0.127781	0.455327	-0.456451	0.337198	0.22309	0.0119861	0.0258297	-0.0213454	-0.094943	-0.0196135	-0.0748328	0.147938	0.152641	-0.31498	0.13954	0.277113	0.0763977	0.2555	0.0891354
-0.0896412	-0.072145	0.20434	-0.207445	0.110008	0.12723	-0.276796	-0.247489	0.33587	-0.301809	-0.0115663	0.188104	0.222465	0.00103211	-0.179547	0.187656	0.282079	0.44568	0.0745081	0.299814
-0.0633816	0.309015	0.0645789	0.247209	-0.198642	-0.0225452	0.168105	0.292356	-0.23115	0.295773	0.0241392	-0.388882	-0.16991	0.225542	0.266109	-0.0602885	-0.301489	-0.23665	0.0756455	-0.300024
-0.40072	0.109089	-0.186409	0.496215	-0.425832	-0.118405	-0.120677	0.0190373	0.126066	0.0889065	0.0321864	-0.125945	-0.0953827	0.0739338	0.401542	-0.0121725	-0.296524	0.132632	-0.105346	-0.0893453
-0.0108491	-0.0556838	-0.338801	-0.318691	-0.147159	0.157319	0.292883	-0.140197	-0.0390527	0.0309094	0.0032141	-0.0093165	0.0294043	-0.145863	-0.429451	-0.410176	-0.0811322	-0.435816	0.186131	-0.14005
0.466932	-0.204019	0.0588009	0.100457	0.430984	-0.267459	0.0614593	0.236521	-0.35116	0.106708	-0.0285309	0.171678	-0.160501	-0.127042	0.205689	0.174354	0.10947	-0.130631	-0.317225	0.0101834
-0.219336	-0.179245	-0.49392	-0.164797	-0.287571	0.0980746	0.114406	-0.309117	0.181719	-0.0969411	0.00818757	0.153187	0.0754646	-0.239563	-0.345749	-0.380439	-0.0780633	-0.207587	0.0742716	-0.00984375
0.258445	-0.32758	-0.0963178	0.254351	0.290573	-0.326703	-0.117018	0.0676011	-0.130389	-0.0211423	-0.0235574	0.334182	-0.114441	-0.220742	0.289391	0.204092	0.112539	0.0975983	-0.429084	0.14039
-0.258445	0.32758	0.0963178	-0.254351	-0.290573	0.326703	0.117018	-0.0676011	0.130389	0.0211423	0.0235574	-0.334182	0.114441	0.220742	-0.289391	-0.204092	-0.112539	-0.0975983	0.429084	-0.14039
0.219336	0.179245	0.49392	0.164797	0.287571	-0.0980746	-0.114406	0.309117	-0.181719	0.0969411	-0.00818757	-0.153187	-0.0754646	0.239563	0.345749	0.380439	0.0780633	0.207587	-0.0742716	0.00984375
-0.466932	0.204019	-0.0588009	-0.100457	-0.430984	0.267459	-0.0614593	-0.236521	0.35116	-0.106708	0.0285309	-0.171678	0.160501	0.127042	-0.205689	-0.174354	-0.10947	0.130631	0.317225	-0.0101834
0.0108491	0.0556838	0.338801	0.318691	0.147159	-0.157319	-0.292883	0.140197	0.0390527	-0.0309094	-0.0032141	0.0093165	-0.0294043	0.145863	0.429451	0.410176	0.0811322	0.435816	-0.186131	0.14005
0.456121	-0.0645009	0.0601197	-0.368007	0.357844	0.0397719	0.291746	0.133919	-0.333645	0.0976219	-0.025038	0.00969036	-0.0421083	-0.0745717	-0.290576	-0.103805	0.122189	-0.408078	0.0592975	-0.09595
-0.0897037	-0.387988	-0.345986	0.0348934	-0.00975761	-0.115332	-0.175513	-0.308319	0.244342	-0.237095	-0.0120173	0.435131	0.0784792	-0.319879	-0.07144	-0.0259518	0.130224	0.189433	-0.233553	0.244935
0.3373	0.0047243	-0.0891328	-0.0992329	0.153171	-0.0540523	0.351378	0.235723	-0.413783	0.246862	-0.008326	-0.110266	-0.163515	-0.0467257	-0.0686201	-0.180133	-0.0988171	-0.527651	-0.00940064	-0.244596
-0.208525	-0.318763	-0.495239	0.303667	-0.21443	-0.209156	-0.115881	-0.206515	0.164204	-0.0878548	0.00469471	0.315175	-0.0429279	-0.292033	0.150516	-0.102279	-0.0907828	0.0698599	-0.302251	0.0962897
0.208525	0.318763	0.495239	-0.303667	0.21443	0.209156	0.115881	0.206515	-0.164204	0.0878548	-0.00469471	-0.315175	0.0429279	0.292033	-0.150516	0.102279	0.0907828	-0.0698599	0.302251	-0.0962897
-0.3373	-0.0047243	0.0891328	0.0992329	-0.153171	0.0540523	-0.351378	-0.235723	0.413783	-0.246862	0.008326	0.110266	0.163515	0.0467257	0.0686201	0.180133	0.0988171	0.527651	0.00940064	0.244596
0.0897037	0.387988	0.345986	-0.0348934	0.00975761	0.115332	0.175513	0.308319	-0.244342	0.237095	0.0120173	-0.435131	-0.0784792	0.319879	0.07144	0.0259518	-0.130224	-0.189433	0.233553	-0.244935
-0.456121	0.0645009	-0.0601197	0.368007	-0.357844	-0.0397719	-0.291746	-0.133919	0.333645	-0.0976219	0.025038	-0.00969036	0.0421083	0.0745717	0.290576	0.103805	-0.122189	0.408078	-0.0592975	0.09595
0.188089	-0.253919	-0.0981208	-0.464049	0.229211	0.119251	0.054071	-0.241508	0.0797887	-0.204951	-0.0259853	0.28489	0.152674	-0.223348	-0.481875	-0.114764	0.268603	-0.0708704	0.0645826	0.166057
0.370586	-0.310579	0.0537497	-0.303949	0.450042	-0.0429999	-0.0343249	-0.0976143	-0.0394256	-0.175998	-0.0381108	0.354024	0.0801372	-0.216159	-0.239274	0.108507	0.341406	0.0457001	-0.127682	0.223442
-0.122989	-0.0726856	-0.488869	0.23961	-0.306629	-0.126384	0.21019	0.025018	-0.130016	0.185765	0.0177674	-0.0291586	-0.165173	-0.150446	0.0992136	-0.314592	-0.31	-0.383918	-0.115271	-0.223102
0.0595067	-0.129345	-0.336998	0.39971	-0.085798	-0.288635	0.121794	0.168912	-0.24923	0.214718	0.00564192	0.0399751	-0.237711	-0.143257	0.341815	-0.0913209	-0.237196	-0.267347	-0.307536	-0.165718
-0.0595067	0.129345	0.336998	-0.39971	0.085798	0.288635	-0.121794	-0.168912	0.24923	-0.214718	-0.00564192	-0.0399751	0.237711	0.143257	-0.341815	0.0913209	0.237196	0.267347	0.307536	0.165718
0.122989	0.0726856	0.488869	-0.23961	0.306629	0.126384	-0.21019	-0.025018	0.130016	-0.185765	-0.0177674	0.0291586	0.165173	0.150446	-0.0992136	0.314592	0.31	0.383918	0.115271	0.223102
-0.370586	0.310579	-0.0537497	0.303949	-0.450042	0.0429999	0.0343249	0.0976143	0.0394256	0.175998	0.0381108	-0.354024	-0.0801372	0.216159	0.239274	-0.108507	-0.341406	-0.0457001	0.127682	-0.223442
-0.188089	0.253919	0.0981208	0.464049	-0.229211	-0.119251	-0.054071	0.241508	-0.0797887	0.204951	0.0259853	-0.28489	-0.152674	0.223348	0.481875	0.114764	-0.268603	0.0708704	-0.0645826	-0.166057
0.277731	-0.181775	-0.30246	-0.256605	0.119203	-0.00797962	0.330867	0.00598063	-0.256081	0.0968587	-0.014419	0.0967863	-0.0697907	-0.22438	-0.302329	-0.302419	-0.0134761	-0.51655	-0.00992544	-0.133757
0.460227	-0.238434	-0.15059	-0.0965046	0.340034	-0.17023	0.242471	0.149874	-0.375296	0.125811	-0.0265445	0.16592	-0.142328	-0.217191	-0.0597269	-0.0791484	0.0593275	-0.39998	-0.20219	-0.0763725
-0.0596078	-0.381701	-0.553448	-0.00759887	-0.107987	-0.103839	0.0420849	-0.267338	0.101134	-0.110008	-0.00637172	0.359723	0.0047365	-0.375988	-0.166895	-0.254303	-0.00851055	-0.147268	-0.190917	0.0769221
0.122888	-0.43836	-0.401577	0.152501	0.112844	-0.26609	-0.046311	-0.123444	-0.0180803	-0.0810551	-0.0184972	0.428857	-0.0678008	-0.368799	0.0757068	-0.0310324	0.064293	-0.0306977	-0.383182	0.134306
-0.122888	0.43836	0.401577	-0.152501	-0.112844	0.26609	0.046311	0.123444	0.0180803	0.0810551	0.0184972	-0.428857	0.0678008	0.368799	-0.0757068	0.0310324	-0.064293	0.0306977	0.383182	-0.134306
0.0596078	0.381701	0.553448	0.00759887	0.107987	0.103839	-0.0420849	0.267338	-0.101134	0.110008	0.00637172	-0.359723	-0.0047365	0.375988	0.166895	0.254303	0.00851055	0.147268	0.190917	-0.0769221
-0.460227	0.238434	0.15059	0.0965046	-0.340034	0.17023	-0.242471	-0.149874	0.375296	-0.125811	0.0265445	-0.16592	0.142328	0.217191	0.0597269	0.0791484	-0.0593275	0.39998	0.20219	0.0763725
-0.277731	0.181775	0.30246	0.256605	-0.119203	0.00797962	-0.330867	-0.00598063	0.256081	-0.0968587	0.014419	-0.0967863	0.0697907	0.22438	0.302329	0.302419	0.0134761	0.51655	0.00992544	0.133757
0.112078	-0.298842	-0.400258	-0.315963	0.0397041	0.041141	0.183976	-0.226046	-0.000565416	-0.0901414	-0.0150044	0.266869	0.0505917	-0.316329	-0.420558	-0.309192	0.0770124	-0.308145	-0.00665905	0.0281729
0.407363	-0.390518	-0.154527	-0.0569149	0.397016	-0.221386	0.040948	0.00677882	-0.193458	-0.0432952	-0.0346239	0.37873	-0.0667761	-0.304697	-0.0280201	0.0520678	0.194811	-0.11953	-0.31775	0.121022
-0.00674372	-0.229617	-0.549511	-0.0471886	-0.164969	-0.0526832	0.243608	-0.124242	-0.0807035	0.0590988	0.00170766	0.146913	-0.0708154	-0.288483	-0.198602	-0.385519	-0.143994	-0.427718	-0.0753572	-0.120473
0.288541	-0.321293	-0.303779	0.211859	0.192343	-0.31521	0.10058	0.108583	-0.273596	0.105945	-0.0179118	0.258774	-0.188183	-0.276851	0.193936	-0.0242597	-0.0261955	-0.239103	-0.386448	-0.0276233
-0.288541	0.321293	0.303779	-0.211859	-0.192343	0.31521	-0.10058	-0.108583	0.273596	-0.105945	0.0179118	-0.258774	0.188183	0.276851	-0.193936	0.0242597	0.0261955	0.239103	0.386448	0.0276233
0.00674372	0.229617	0.549511	0.0471886	0.164969	0.0526832	-0.243608	0.124242	0.0807035	-0.0590988	-0.00170766	-0.146913	0.0708154	0.288483	0.198602	0.385519	0.143994	0.427718	0.0753572	0.120473
-0.407363	0.390518	0.154527	0.0569149	-0.397016	0.221386	-0.040948	-0.00677882	0.193458	0.0432952	0.0346239	-0.37873	0.0667761	0.304697	0.0280201	-0.0520678	-0.194811	0.11953	0.31775	-0.121022
-0.112078	0.298842	0.400258	0.315963	-0.0397041	-0.041141	-0.183976	0.226046	0.000565416	0.0901414	0.0150044	-0.266869	-0.0505917	0.316329	0.420558	0.309192	-0.0770124	0.308145	0.00665905	-0.0281729
0.400681	-0.304291	-0.153712	-0.346441	0.351813	-0.0315071	0.183273	-0.0566327	-0.182633	-0.0489108	-0.0324652	0.278616	0.00639449	-0.272268	-0.334729	-0.119844	0.202672	-0.291002	-0.0850462	0.0554284
0.192195	-0.427852	-0.30883	-0.192547	0.211402	-0.0907514	0.00479598	-0.225553	0.0381379	-0.176761	-0.0274917	0.44112	0.0524548	-0.365967	-0.251026	-0.0901068	0.205741	-0.0627725	-0.196905	0.185635
0.208424	-0.192282	-0.395207	0.0884438	0.0206456	-0.183318	0.27976	0.108089	-0.3123	0.192565	-0.00542451	0.0845232	-0.190046	-0.227212	0.0244041	-0.243345	-0.154924	-0.484476	-0.196202	-0.185085
-6.24741e-05	-0.315843	-0.550326	0.242338	-0.119766	-0.242562	0.101283	-0.0608306	-0.0915283	0.0647144	-0.000451042	0.247027	-0.143986	-0.320911	0.108107	-0.213607	-0.151855	-0.256247	-0.308061	-0.0548788
6.24741e-05	0.315843	0.550326	-0.242338	0.119766	0.242562	-0.101283	0.0608306	0.0915283	-0.0647144	0.000451042	-0.247027	0.143986	0.320911	-0.108107	0.213607	0.151855	0.256247	0.308061	0.0548788
-0.208424	0.192282	0.395207	-0.0884438	-0.0206456	0.183318	-0.27976	-0.108089	0.3123	-0.192565	0.00542451	-0.0845232	0.190046	0.227212	-0.0244041	0.243345	0.154924	0.484476	0.196202	0.185085
-0.192195	0.427852	0.30883	0.192547	-0.211402	0.0907514	-0.00479598	0.225553	-0.0381379	0.176761	0.0274917	-0.44112	-0.0524548	0.365967	0.251026	0.0901068	-0.205741	0.0627725	0.196905	-0.185635
-0.400681	0.304291	0.153712	0.346441	-0.351813	0.0315071	-0.183273	0.0566327	0.182633	0.0489108	0.0324652	-0.278616	-0.00639449	0.272268	0.334729	0.119844	-0.202672	0.291002	0.0850462	-0.0554284
2520
2	0	24
3	0	24	32
4	0	24	32	40
4	0	24	32	48
3	0	24	40
4	0	24	40	56
3	0	24	48
4	0	24	48	72
3	0	24	56
4	0	24	56	72
3	0	24	72
2	0	32
3	0	32	40
4	0	32	40	64
3	0	32	48
4	0	32	48	80
3	0	32	64
4	0	32	64	80
3	0	32	80
2	0	40
3	0	40	56
4	0	40	56	88
3	0	40	64
4	0	40	64	88
3	0	40	88
2	0	48
3	0	48	72
4	0	48	72	96
3	0	48	80
4	0	48	80	96
3	0	48	96
2	0	56
3	0	56	72
4	0	56	72	104
3	0	56	88
4	0	56	88	104
3	0	56	104
2	0	64
3	0	64	80
4	0	64	80	112
3	0	64	88
4	0	64	88	112
3	0	64	112
2	0	72
3	0	72	96
4	0	72	96	104
3	0	72	104
2	0	80
3	0	80	96
4	0	80	96	112
3	0	80	112
2	0	88
3	0	88	104
4	0	88	104	112
3	0	88	112
2	0	96
3	0	96	104
4	0	96	104	112
3	0	96	112
2	0	104
3	0	104	112
2	0	112
2	1	25
3	1	25	33
4	1	25	33	41
4	1	25	33	49
3	1	25	41
4	1	25	41	57
3	1	25	49
4	1	25	49	73
3	1	25	57
4	1	25	57	73
3	1	25	73
2	1	33
3	1	33	41
4	1	33	41	64
3	1	33	49
4	1	33	49	80
3	1	33	64
4	1	33	64	80
3	1	33	80
2	1	41
3	1	41	57
4	1	41	57	89
3	1	41	64
4	1	41	64	89
3	1	41	89
2	1	49
3	1	49	73
4	1	49	73	97
3	1	49	80
4	1	49	80	97
3	1	49	97
2	1	57
3	1	57	73
4	1	57	73	105
3	1	57	89
4	1	57	89	105
3	1	57	105
2	1	64
3	1	64	80
4	1	64	80	112
3	1	64	89
4	1	64	89	112
3	1	64	112
2	1	73
3	1	73	97
4	1	73	97	105
3	1	73	105
2	1	80
3	1	80	97
4	1	80	97	112
3	1	80	112
2	1	89
3	1	89	105
4	1	89	105	112
3	1	89	112
2	1	97
3	1	97	105
4	1	97	105	112
3	1	97	112
2	1	105
3	1	105	112
2	1	112
2	2	26
3	2	26	34
4	2	26	34	42
4	2	26	34	50
3	2	26	42
4	2	26	42	56
3	2	26	50
4	2	26	50	74
3	2	26	56
4	2	26	56	74
3	2	26	74
2	2	34
3	2	34	42
4	2	34	42	65
3	2	34	50
4	2	34	50	81
3	2	34	65
4	2	34	65	81
3	2	34	81
2	2	42
3	2	42	56
4	2	42	56	88
3	2	42	65
4	2	42	65	88
3	2	42	88
2	2	50
3	2	50	74
4	2	50	74	98
3	2	50	81
4	2	50	81	98
3	2	50	98
2	2	56
3	2	56	74
4	2	56	74	104
3	2	56	88
4	2	56	88	104
3	2	56	104
2	2	65
3	2	65	81
4	2	65	81	113
3	2	65	88
4	2	65	88	113
3	2	65	113
2	2	74
3	2	74	98
4	2	74	98	104
3	2	74	104
2	2	81
3	2	81	98
4	2	81	98	113
3	2	81	113
2	2	88
3	2	88	104
4	2	88	104	113
3	2	88	113
2	2	98
3	2	98	104
4	2	98	104	113
3	2	98	113
2	2	104
3	2	104	113
2	2	113
2	3	27
3	3	27	35
4	3	27	35	43
4	3	27	35	51
3	3	27	43
4	3	27	43	57
3	3	27	51
4	3	27	51	75
3	3	27	57
4	3	27	57	75
3	3	27	75
2	3	35
3	3	35	43
4	3	35	43	65
3	3	35	51
4	3	35	51	81
3	3	35	65
4	3	35	65	81
3	3	35	81
2	3	43
3	3	43	57
4	3	43	57	89
3	3	43	65
4	3	43	65	89
3	3	43	89
2	3	51
3	3	51	75
4	3	51	75	99
3	3	51	81
4	3	51	81	99
3	3	51	99
2	3	57
3	3	57	75
4	3	57	75	105
3	3	57	89
4	3	57	89	105
3	3	57	105
2	3	65
3	3	65	81
4	3	65	81	113
3	3	65	89
4	3	65	89	113
3	3	65	113
2	3	75
3	3	75	99
4	3	75	99	105
3	3	75	105
2	3	81
3	3	81	99
4	3	81	99	113
3	3	81	113
2	3	89
3	3	89	105
4	3	89	105	113
3	3	89	113
2	3	99
3	3	99	105
4	3	99	105	113
3	3	99	113
2	3	105
3	3	105	113
2	3	113
2	4	28
3	4	28	36
4	4	28	36	44
4	4	28	36	48
3	4	28	44
4	4	28	44	58
3	4	28	48
4	4	28	48	72
3	4	28	58
4	4	28	58	72
3	4	28	72
2	4	36
3	4	36	44
4	4	36	44	66
3	4	36	48
4	4	36	48	82
3	4	36	66
4	4	36	66	82
3	4	36	82
2	4	44
3	4	44	58
4	4	44	58	90
3	4	44	66
4	4	44	66	90
3	4	44	90
2	4	48
3	4	48	72
4	4	48	72	96
3	4	48	82
4	4	48	82	96
3	4	48	96
2	4	58
3	4	58	72
4	4	58	72	106
3	4	58	90
4	4	58	90	106
3	4	58	106
2	4	66
3	4	66	82
4	4	66	82	114
3	4	66	90
4	4	66	90	114
3	4	66	114
2	4	72
3	4	72	96
4	4	72	96	106
3	4	72	106
2	4	82
3	4	82	96
4	4	82	96	114
3	4	82	114
2	4	90
3	4	90	106
4	4	90	106	114
3	4	90	114
2	4	96
3	4	96	106
4	4	96	106	114
3	4	96	114
2	4	106
3	4	106	114
2	4	114
2	5	29
3	5	29	37
4	5	29	37	45
4	5	29	37	49
3	5	29	45
4	5	29	45	59
3	5	29	49
4	5	29	49	73
3	5	29	59
4	5	29	59	73
3	5	29	73
2	5	37
3	5	37	45
4	5	37	45	66
3	5	37	49
4	5	37	49	82
3	5	37	66
4	5	37	66	82
3	5	37	82
2	5	45
3	5	45	59
4	5	45	59	91
3	5	45	66
4	5	45	66	91
3	5	45	91
2	5	49
3	5	49	73
4	5	49	73	97
3	5	49	82
4	5	49	82	97
3	5	49	97
2	5	59
3	5	59	73
4	5	59	73	107
3	5	59	91
4	5	59	91	107
3	5	59	107
2	5	66
3	5	66	82
4	5	66	82	114
3	5	66	91
4	5	66	91	114
3	5	66	114
2	5	73
3	5	73	97
4	5	73	97	107
3	5	73	107
2	5	82
3	5	82	97
4	5	82	97	114
3	5	82	114
2	5	91
3	5	91	107
4	5	91	107	114
3	5	91	114
2	5	97
3	5	97	107
4	5	97	107	114
3	5	97	114
2	5	107
3	5	107	114
2	5	114
2	6	30
3	6	30	38
4	6	30	38	46
4	6	30	38	50
3	6	30	46
4	6	30	46	58
3	6	30	50
4	6	30	50	74
3	6	30	58
4	6	30	58	74
3	6	30	74
2	6	38
3	6	38	46
4	6	38	46	67
3	6	38	50
4	6	38	50	83
3	6	38	67
4	6	38	67	83
3	6	38	83
2	6	46
3	6	46	58
4	6	46	58	90
3	6	46	67
4	6	46	67	90
3	6	46	90
2	6	50
3	6	50	74
4	6	50	74	98
3	6	50	83
4	6	50	83	98
3	6	50	98
2	6	58
3	6	58	74
4	6	58	74	106
3	6	58	90
4	6	58	90	106
3	6	58	106
2	6	67
3	6	67	83
4	6	67	83	115
3	6	67	90
4	6	67	90	115
3	6	67	115
2	6	74
3	6	74	98
4	6	74	98	106
3	6	74	106
2	6	83
3	6	83	98
4	6	83	98	115
3	6	83	115
2	6	90
3	6	90	106
4	6	90	106	115
3	6	90	115
2	6	98
3	6	98	106
4	6	98	106	115
3	6	98	115
2	6	106
3	6	106	115
2	6	115
2	7	31
3	7	31	39
4	7	31	39	47
4	7	31	39	51
3	7	31	47
4	7	31	47	59
3	7	31	51
4	7	31	51	75
3	7	31	59
4	7	31	59	75
3	7	31	75
2	7	39
3	7	39	47
4	7	39	47	67
3	7	39	51
4	7	39	51	83
3	7	39	67
4	7	39	67	83
3	7	39	83
2	7	47
3	7	47	59
4	7	47	59	91
3	7	47	67
4	7	47	67	91
3	7	47	91
2	7	51
3	7	51	75
4	7	51	75	99
3	7	51	83
4	7	51	83	99
3	7	51	99
2	7	59
3	7	59	75
4	7	59	75	107
3	7	59	91
4	7	59	91	107
3	7	59	107
2	7	67
3	7	67	83
4	7	67	83	115
3	7	67	91
4	7	67	91	115
3	7	67	115
2	7	75
3	7	75	99
4	7	75	99	107
3	7	75	107
2	7	83
3	7	83	99
4	7	83	99	115
3	7	83	115
2	7	91
3	7	91	107
4	7	91	107	115
3	7	91	115
2	7	99
3	7	99	107
4	7	99	107	115
3	7	99	115
2	7	107
3	7	107	115
2	7	115
2	8	24
3	8	24	32
4	8	24	32	40
4	8	24	32	52
3	8	24	40
4	8	24	40	60
3	8	24	52
4	8	24	52	76
3	8	24	60
4	8	24	60	76
3	8	24	76
2	8	32
3	8	32	40
4	8	32	40	68
3	8	32	52
4	8	32	52	84
3	8	32	68
4	8	32	68	84
3	8	32	84
2	8	40
3	8	40	60
4	8	40	60	92
3	8	40	68
4	8	40	68	92
3	8	40	92
2	8	52
3	8	52	76
4	8	52	76	100
3	8	52	84
4	8	52	84	100
3	8	52	100
2	8	60
3	8	60	76
4	8	60	76	108
3	8	60	92
4	8	60	92	108
3	8	60	108
2	8	68
3	8	68	84
4	8	68	84	116
3	8	68	92
4	8	68	92	116
3	8	68	116
2	8	76
3	8	76	100
4	8	76	100	108
3	8	76	108
2	8	84
3	8	84	100
4	8	84	100	116
3	8	84	116
2	8	92
3	8	92	108
4	8	92	108	116
3	8	92	116
2	8	100
3	8	100	108
4	8	100	108	116
3	8	100	116
2	8	108
3	8	108	116
2	8	116
2	9	25
3	9	25	33
4	9	25	33	41
4	9	25	33	53
3	9	25	41
4	9	25	41	61
3	9	25	53
4	9	25	53	77
3	9	25	61
4	9	25	61	77
3	9	25	77
2	9	33
3	9	33	41
4	9	33	41	68
3	9	33	53
4	9	33	53	84
3	9	33	68
4	9	33	68	84
3	9	33	84
2	9	41
3	9	41	61
4	9	41	61	93
3	9	41	68
4	9	41	68	93
3	9	41	93
2	9	53
3	9	53	77
4	9	53	77	101
3	9	53	84
4	9	53	84	101
3	9	53	101
2	9	61
3	9	61	77
4	9	61	77	109
3	9	61	93
4	9	61	93	109
3	9	61	109
2	9	68
3	9	68	84
4	9	68	84	116
3	9	68	93
4	9	68	93	116
3	9	68	116
2	9	77
3	9	77	101
4	9	77	101	109
3	9	77	109
2	9	84
3	9	84	101
4	9	84	101	116
3	9	84	116
2	9	93
3	9	93	109
4	9	93	109	116
3	9	93	116
2	9	101
3	9	101	109
4	9	101	109	116
3	9	101	116
2	9	109
3	9	109	116
2	9	116
2	10	26
3	10	26	34
4	10	26	34	42
4	10	26	34	54
3	10	26	42
4	10	26	42	60
3	10	26	54
4	10	26	54	78
3	10	26	60
4	10	26	60	78
3	10	26	78
2	10	34
3	10	34	42
4	10	34	42	69
3	10	34	54
4	10	34	54	85
3	10	34	69
4	10	34	69	85
3	10	34	85
2	10	42
3	10	42	60
4	10	42	60	92
3	10	42	69
4	10	42	69	92
3	10	42	92
2	10	54
3	10	54	78
4	10	54	78	102
3	10	54	85
4	10	54	85	102
3	10	54	102
2	10	60
3	10	60	78
4	10	60	78	108
3	10	60	92
4	10	60	92	108
3	10	60	108
2	10	69
3	10	69	85
4	10	69	85	117
3	10	69	92
4	10	69	92	117
3	10	69	117
2	10	78
3	10	78	102
4	10	78	102	108
3	10	78	108
2	10	85
3	10	85	102
4	10	85	102	117
3	10	85	117
2	10	92
3	10	92	108
4	10	92	108	117
3	10	92	117
2	10	102
3	10	102	108
4	10	102	108	117
3	10	102	117
2	10	108
3	10	108	117
2	10	117
2	11	27
3	11	27	35
4	11	27	35	43
4	11	27	35	55
3	11	27	43
4	11	27	43	61
3	11	27	55
4	11	27	55	79
3	11	27	61
4	11	27	61	79
3	11	27	79
2	11	35
3	11	35	43
4	11	35	43	69
3	11	35	55
4	11	35	55	85
3	11	35	69
4	11	35	69	85
3	11	35	85
2	11	43
3	11	43	61
4	11	43	61	93
3	11	43	69
4	11	43	69	93
3	11	43	93
2	11	55
3	11	55	79
4	11	55	79	103
3	11	55	85
4	11	55	85	103
3	11	55	103
2	11	61
3	11	61	79
4	11	61	79	109
3	11	61	93
4	11	61	93	109
3	11	61	109
2	11	69
3	11	69	85
4	11	69	85	117
3	11	69	93
4	11	69	93	117
3	11	69	117
2	11	79
3	11	79	103
4	11	79	103	109
3	11	79	109
2	11	85
3	11	85	103
4	11	85	103	117
3	11	85	117
2	11	93
3	11	93	109
4	11	93	109	117
3	11	93	117
2	11	103
3	11	103	109
4	11	103	109	117
3	11	103	117
2	11	109
3	11	109	117
2	11	117
2	12	28
3	12	28	36
4	12	28	36	44
4	12	28	36	52
3	12	28	44
4	12	28	44	62
3	12	28	52
4	12	28	52	76
3	12	28	62
4	12	28	62	76
3	12	28	76
2	12	36
3	12	36	44
4	12	36	44	70
3	12	36	52
4	12	36	52	86
3	12	36	70
4	12	36	70	86
3	12	36	86
2	12	44
3	12	44	62
4	12	44	62	94
3	12	44	70
4	12	44	70	94
3	12	44	94
2	12	52
3	12	52	76
4	12	52	76	100
3	12	52	86
4	12	52	86	100
3	12	52	100
2	12	62
3	12	62	76
4	12	62	76	110
3	12	62	94
4	12	62	94	110
3	12	62	110
2	12	70
3	12	70	86
4	12	70	86	118
3	12	70	94
4	12	70	94	118
3	12	70	118
2	12	76
3	12	76	100
4	12	76	100	110
3	12	76	110
2	12	86
3	12	86	100
4	12	86	100	118
3	12	86	118
2	12	94
3	12	94	110
4	12	94	110	118
3	12	94	118
2	12	100
3	12	100	110
4	12	100	110	118
3	12	100	118
2	12	110
3	12	110	118
2	12	118
2	13	29
3	13	29	37
4	13	29	37	45
4	13	29	37	53
3	13	29	45
4	13	29	45	63
3	13	29	53
4	13	29	53	77
3	13	29	63
4	13	29	63	77
3	13	29	77
2	13	37
3	13	37	45
4	13	37	45	70
3	13	37	53
4	13	37	53	86
3	13	37	70
4	13	37	70	86
3	13	37	86
2	13	45
3	13	45	63
4	13	45	63	95
3	13	45	70
4	13	45	70	95
3	13	45	95
2	13	53
3	13	53	77
4	13	53	77	101
3	13	53	86
4	13	53	86	101
3	13	53	101
2	13	63
3	13	63	77
4	13	63	77	111
3	13	63	95
4	13	63	95	111
3	13	63	111
2	13	70
3	13	70	86
4	13	70	86	118
3	13	70	95
4	13	70	95	118
3	13	70	118
2	13	77
3	13	77	101
4	13	77	101	111
3	13	77	111
2	13	86
3	13	86	101
4	13	86	101	118
3	13	86	118
2	13	95
3	13	95	111
4	13	95	111	118
3	13	95	118
2	13	101
3	13	101	111
4	13	101	111	118
3	13	101	118
2	13	111
3	13	111	118
2	13	118
2	14	30
3	14	30	38
4	14	30	38	46
4	14	30	38	54
3	14	30	46
4	14	30	46	62
3	14	30	54
4	14	30	54	78
3	14	30	62
4	14	30	62	78
3	14	30	78
2	14	38
3	14	38	46
4	14	38	46	71
3	14	38	54
4	14	38	54	87
3	14	38	71
4	14	38	71	87
3	14	38	87
2	14	46
3	14	46	62
4	14	46	62	94
3	14	46	71
4	14	46	71	94
3	14	46	94
2	14	54
3	14	54	78
4	14	54	78	102
3	14	54	87
4	14	54	87	102
3	14	54	102
2	14	62
3	14	62	78
4	14	62	78	110
3	14	62	94
4	14	62	94	110
3	14	62	110
2	14	71
3	14	71	87
4	14	71	87	119
3	14	71	94
4	14	71	94	119
3	14	71	119
2	14	78
3	14	78	102
4	14	78	102	110
3	14	78	110
2	14	87
3	14	87	102
4	14	87	102	119
3	14	87	119
2	14	94
3	14	94	110
4	14	94	110	119
3	14	94	119
2	14	102
3	14	102	110
4	14	102	110	119
3	14	102	119
2	14	110
3	14	110	119
2	14	119
2	15	31
3	15	31	39
4	15	31	39	47
4	15	31	39	55
3	15	31	47
4	15	31	47	63
3	15	31	55
4	15	31	55	79
3	15	31	63
4	15	31	63	79
3	15	31	79
2	15	39
3	15	39	47
4	15	39	47	71
3	15	39	55
4	15	39	55	87
3	15	39	71
4	15	39	71	87
3	15	39	87
2	15	47
3	15	47	63
4	15	47	63	95
3	15	47	71
4	15	47	71	95
3	15	47	95
2	15	55
3	15	55	79
4	15	55	79	103
3	15	55	87
4	15	55	87	103
3	15	55	103
2	15	63
3	15	63	79
4	15	63	79	111
3	15	63	95
4	15	63	95	111
3	15	63	111
2	15	71
3	15	71	87
4	15	71	87	119
3	15	71	95
4	15	71	95	119
3	15	71	119
2	15	79
3	15	79	103
4	15	79	103	111
3	15	79	111
2	15	87
3	15	87	103
4	15	87	103	119
3	15	87	119
2	15	95
3	15	95	111
4	15	95	111	119
3	15	95	119
2	15	103
3	15	103	111
4	15	103	111	119
3	15	103	119
2	15	111
3	15	111	119
2	15	119
2	16	25
3	16	25	29
4	16	25	29	73
4	16	25	29	77
3	16	25	57
4	16	25	57	61
4	16	25	57	73
3	16	25	61
4	16	25	61	77
3	16	25	73
3	16	25	77
2	16	27
3	16	27	31
4	16	27	31	75
4	16	27	31	79
3	16	27	57
4	16	27	57	61
4	16	27	57	75
3	16	27	61
4	16	27	61	79
3	16	27	75
3	16	27	79
2	16	29
3	16	29	59
4	16	29	59	63
4	16	29	59	73
3	16	29	63
4	16	29	63	77
3	16	29	73
3	16	29	77
2	16	31
3	16	31	59
4	16	31	59	63
4	16	31	59	75
3	16	31	63
4	16	31	63	79
3	16	31	75
3	16	31	79
2	16	57
3	16	57	61
3	16	57	73
4	16	57	73	75
3	16	57	75
2	16	59
3	16	59	63
3	16	59	73
4	16	59	73	75
3	16	59	75
2	16	61
3	16	61	77
4	16	61	77	79
3	16	61	79
2	16	63
3	16	63	77
4	16	63	77	79
3	16	63	79
2	16	73
3	16	73	75
2	16	75
2	16	77
3	16	77	79
2	16	79
2	17	24
3	17	24	28
4	17	24	28	72
4	17	24	28	76
3	17	24	56
4	17	24	56	60
4	17	24	56	72
3	17	24	60
4	17	24	60	76
3	17	24	72
3	17	24	76
2	17	26
3	17	26	30
4	17	26	30	74
4	17	26	30	78
3	17	26	56
4	17	26	56	60
4	17	26	56	74
3	17	26	60
4	17	26	60	78
3	17	26	74
3	17	26	78
2	17	28
3	17	28	58
4	17	28	58	62
4	17	28	58	72
3	17	28	62
4	17	28	62	76
3	17	28	72
3	17	28	76
2	17	30
3	17	30	58
4	17	30	58	62
4	17	30	58	74
3	17	30	62
4	17	30	62	78
3	17	30	74
3	17	30	78
2	17	56
3	17	56	60
3	17	56	72
4	17	56	72	74
3	17	56	74
2	17	58
3	17	58	62
3	17	58	72
4	17	58	72	74
3	17	58	74
2	17	60
3	17	60	76
4	17	60	76	78
3	17	60	78
2	17	62
3	17	62	76
4	17	62	76	78
3	17	62	78
2	17	72
3	17	72	74
2	17	74
2	17	76
3	17	76	78
2	17	78
2	18	34
3	18	34	35
4	18	34	35	81
4	18	34	35	85
3	18	34	50
4	18	34	50	54
4	18	34	50	81
3	18	34	54
4	18	34	54	85
3	18	34	81
3	18	34	85
2	18	35
3	18	35	51
4	18	35	51	55
4	18	35	51	81
3	18	35	55
4	18	35	55	85
3	18	35	81
3	18	35	85
2	18	38
3	18	38	39
4	18	38	39	83
4	18	38	39	87
3	18	38	50
4	18	38	50	54
4	18	38	50	83
3	18	38	54
4	18	38	54	87
3	18	38	83
3	18	38	87
2	18	39
3	18	39	51
4	18	39	51	55
4	18	39	51	83
3	18	39	55
4	18	39	55	87
3	18	39	83
3	18	39	87
2	18	50
3	18	50	54
3	18	50	81
4	18	50	81	83
3	18	50	83
2	18	51
3	18	51	55
3	18	51	81
4	18	51	81	83
3	18	51	83
2	18	54
3	18	54	85
4	18	54	85	87
3	18	54	87
2	18	55
3	18	55	85
4	18	55	85	87
3	18	55	87
2	18	81
3	18	81	83
2	18	83
2	18	85
3	18	85	87
2	18	87
2	19	32
3	19	32	33
4	19	32	33	80
4	19	32	33	84
3	19	32	48
4	19	32	48	52
4	19	32	48	80
3	19	32	52
4	19	32	52	84
3	19	32	80
3	19	32	84
2	19	33
3	19	33	49
4	19	33	49	53
4	19	33	49	80
3	19	33	53
4	19	33	53	84
3	19	33	80
3	19	33	84
2	19	36
3	19	36	37
4	19	36	37	82
4	19	36	37	86
3	19	36	48
4	19	36	48	52
4	19	36	48	82
3	19	36	52
4	19	36	52	86
3	19	36	82
3	19	36	86
2	19	37
3	19	37	49
4	19	37	49	53
4	19	37	49	82
3	19	37	53
4	19	37	53	86
3	19	37	82
3	19	37	86
2	19	48
3	19	48	52
3	19	48	80
4	19	48	80	82
3	19	48	82
2	19	49
3	19	49	53
3	19	49	80
4	19	49	80	82
3	19	49	82
2	19	52
3	19	52	84
4	19	52	84	86
3	19	52	86
2	19	53
3	19	53	84
4	19	53	84	86
3	19	53	86
2	19	80
3	19	80	82
2	19	82
2	19	84
3	19	84	86
2	19	86
2	20	44
3	20	44	46
4	20	44	46	90
4	20	44	46	94
3	20	44	66
4	20	44	66	70
4	20	44	66	90
3	20	44	70
4	20	44	70	94
3	20	44	90
3	20	44	94
2	20	45
3	20	45	47
4	20	45	47	91
4	20	45	47	95
3	20	45	66
4	20	45	66	70
4	20	45	66	91
3	20	45	70
4	20	45	70	95
3	20	45	91
3	20	45	95
2	20	46
3	20	46	67
4	20	46	67	71
4	20	46	67	90
3	20	46	71
4	20	46	71	94
3	20	46	90
3	20	46	94
2	20	47
3	20	47	67
4	20	47	67	71
4	20	47	67	91
3	20	47	71
4	20	47	71	95
3	20	47	91
3	20	47	95
2	20	66
3	20	66	70
3	20	66	90
4	20	66	90	91
3	20	66	91
2	20	67
3	20	67	71
3	20	67	90
4	20	67	90	91
3	20	67	91
2	20	70
3	20	70	94
4	20	70	94	95
3	20	70	95
2	20	71
3	20	71	94
4	20	71	94	95
3	20	71	95
2	20	90
3	20	90	91
2	20	91
2	20	94
3	20	94	95
2	20	95
2	21	40
3	21	40	42
4	21	40	42	88
4	21	40	42	92
3	21	40	64
4	21	40	64	68
4	21	40	64	88
3	21	40	68
4	21	40	68	92
3	21	40	88
3	21	40	92
2	21	41
3	21	41	43
4	21	41	43	89
4	21	41	43	93
3	21	41	64
4	21	41	64	68
4	21	41	64	89
3	21	41	68
4	21	41	68	93
3	21	41	89
3	21	41	93
2	21	42
3	21	42	65
4	21	42	65	69
4	21	42	65	88
3	21	42	69
4	21	42	69	92
3	21	42	88
3	21	42	92
2	21	43
3	21	43	65
4	21	43	65	69
4	21	43	65	89
3	21	43	69
4	21	43	69	93
3	21	43	89
3	21	43	93
2	21	64
3	21	64	68
3	21	64	88
4	21	64	88	89
3	21	64	89
2	21	65
3	21	65	69
3	21	65	88
4	21	65	88	89
3	21	65	89
2	21	68
3	21	68	92
4	21	68	92	93
3	21	68	93
2	21	69
3	21	69	92
4	21	69	92	93
3	21	69	93
2	21	88
3	21	88	89
2	21	89
2	21	92
3	21	92	93
2	21	93
2	22	100
3	22	100	101
4	22	100	101	116
4	22	100	101	118
3	22	100	108
4	22	100	108	110
4	22	100	108	116
3	22	100	110
4	22	100	110	118
3	22	100	116
3	22	100	118
2	22	101
3	22	101	109
4	22	101	109	111
4	22	101	109	116
3	22	101	111
4	22	101	111	118
3	22	101	116
3	22	101	118
2	22	102
3	22	102	103
4	22	102	103	117
4	22	102	103	119
3	22	102	108
4	22	102	108	110
4	22	102	108	117
3	22	102	110
4	22	102	110	119
3	22	102	117
3	22	102	119
2	22	103
3	22	103	109
4	22	103	109	111
4	22	103	109	117
3	22	103	111
4	22	103	111	119
3	22	103	117
3	22	103	119
2	22	108
3	22	108	110
3	22	108	116
4	22	108	116	117
3	22	108	117
2	22	109
3	22	109	111
3	22	109	116
4	22	109	116	117
3	22	109	117
2	22	110
3	22	110	118
4	22	110	118	119
3	22	110	119
2	22	111
3	22	111	118
4	22	111	118	119
3	22	111	119
2	22	116
3	22	116	117
2	22	117
2	22	118
3	22	118	119
2	22	119
2	23	96
3	23	96	97
4	23	96	97	112
4	23	96	97	114
3	23	96	104
4	23	96	104	106
4	23	96	104	112
3	23	96	106
4	23	96	106	114
3	23	96	112
3	23	96	114
2	23	97
3	23	97	105
4	23	97	105	107
4	23	97	105	112
3	23	97	107
4	23	97	107	114
3	23	97	112
3	23	97	114
2	23	98
3	23	98	99
4	23	98	99	113
4	23	98	99	115
3	23	98	104
4	23	98	104	106
4	23	98	104	113
3	23	98	106
4	23	98	106	115
3	23	98	113
3	23	98	115
2	23	99
3	23	99	105
4	23	99	105	107
4	23	99	105	113
3	23	99	107
4	23	99	107	115
3	23	99	113
3	23	99	115
2	23	104
3	23	104	106
3	23	104	112
4	23	104	112	113
3	23	104	113
2	23	105
3	23	105	107
3	23	105	112
4	23	105	112	113
3	23	105	113
2	23	106
3	23	106	114
4	23	106	114	115
3	23	106	115
2	23	107
3	23	107	114
4	23	107	114	115
3	23	107	115
2	23	112
3	23	112	113
2	23	113
2	23	114
3	23	114	115
2	23	115
2	24	28
3	24	28	48
4	24	28	48	52
4	24	28	48	72
3	24	28	52
4	24	28	52	76
3	24	28	72
3	24	28	76
2	24	32
3	24	32	40
3	24	32	48
4	24	32	48	52
3	24	32	52
2	24	40
3	24	40	56
4	24	40	56	60
3	24	40	60
2	24	48
3	24	48	52
3	24	48	72
2	24	52
3	24	52	76
2	24	56
3	24	56	60
3	24	56	72
2	24	60
3	24	60	76
2	24	72
2	24	76
2	25	29
3	25	29	49
4	25	29	49	53
4	25	29	49	73
3	25	29	53
4	25	29	53	77
3	25	29	73
3	25	29	77
2	25	33
3	25	33	41
3	25	33	49
4	25	33	49	53
3	25	33	53
2	25	41
3	25	41	57
4	25	41	57	61
3	25	41	61
2	25	49
3	25	49	53
3	25	49	73
2	25	53
3	25	53	77
2	25	57
3	25	57	61
3	25	57	73
2	25	61
3	25	61	77
2	25	73
2	25	77
2	26	30
3	26	30	50
4	26	30	50	54
4	26	30	50	74
3	26	30	54
4	26	30	54	78
3	26	30	74
3	26	30	78
2	26	34
3	26	34	42
3	26	34	50
4	26	34	50	54
3	26	34	54
2	26	42
3	26	42	56
4	26	42	56	60
3	26	42	60
2	26	50
3	26	50	54
3	26	50	74
2	26	54
3	26	54	78
2	26	56
3	26	56	60
3	26	56	74
2	26	60
3	26	60	78
2	26	74
2	26	78
2	27	31
3	27	31	51
4	27	31	51	55
4	27	31	51	75
3	27	31	55
4	27	31	55	79
3	27	31	75
3	27	31	79
2	27	35
3	27	35	43
3	27	35	51
4	27	35	51	55
3	27	35	55
2	27	43
3	27	43	57
4	27	43	57	61
3	27	43	61
2	27	51
3	27	51	55
3	27	51	75
2	27	55
3	27	55	79
2	27	57
3	27	57	61
3	27	57	75
2	27	61
3	27	61	79
2	27	75
2	27	79
2	28	36
3	28	36	44
3	28	36	48
4	28	36	48	52
3	28	36	52
2	28	44
3	28	44	58
4	28	44	58	62
3	28	44	62
2	28	48
3	28	48	52
3	28	48	72
2	28	52
3	28	52	76
2	28	58
3	28	58	62
3	28	58	72
2	28	62
3	28	62	76
2	28	72
2	28	76
2	29	37
3	29	37	45
3	29	37	49
4	29	37	49	53
3	29	37	53
2	29	45
3	29	45	59
4	29	45	59	63
3	29	45	63
2	29	49
3	29	49	53
3	29	49	73
2	29	53
3	29	53	77
2	29	59
3	29	59	63
3	29	59	73
2	29	63
3	29	63	77
2	29	73
2	29	77
2	30	38
3	30	38	46
3	30	38	50
4	30	38	50	54
3	30	38	54
2	30	46
3	30	46	58
4	30	46	58	62
3	30	46	62
2	30	50
3	30	50	54
3	30	50	74
2	30	54
3	30	54	78
2	30	58
3	30	58	62
3	30	58	74
2	30	62
3	30	62	78
2	30	74
2	30	78
2	31	39
3	31	39	47
3	31	39	51
4	31	39	51	55
3	31	39	55
2	31	47
3	31	47	59
4	31	47	59	63
3	31	47	63
2	31	51
3	31	51	55
3	31	51	75
2	31	55
3	31	55	79
2	31	59
3	31	59	63
3	31	59	75
2	31	63
3	31	63	79
2	31	75
2	31	79
2	32	33
3	32	33	64
4	32	33	64	68
4	32	33	64	80
3	32	33	68
4	32	33	68	84
3	32	33	80
3	32	33	84
2	32	40
3	32	40	64
4	32	40	64	68
3	32	40	68
2	32	48
3	32	48	52
3	32	48	80
2	32	52
3	32	52	84
2	32	64
3	32	64	68
3	32	64	80
2	32	68
3	32	68	84
2	32	80
2	32	84
2	33	41
3	33	41	64
4	33	41	64	68
3	33	41	68
2	33	49
3	33	49	53
3	33	49	80
2	33	53
3	33	53	84
2	33	64
3	33	64	68
3	33	64	80
2	33	68
3	33	68	84
2	33	80
2	33	84
2	34	35
3	34	35	65
4	34	35	65	69
4	34	35	65	81
3	34	35	69
4	34	35	69	85
3	34	35	81
3	34	35	85
2	34	42
3	34	42	65
4	34	42	65	69
3	34	42	69
2	34	50
3	34	50	54
3	34	50	81
2	34	54
3	34	54	85
2	34	65
3	34	65	69
3	34	65	81
2	34	69
3	34	69	85
2	34	81
2	34	85
2	35	43
3	35	43	65
4	35	43	65	69
3	35	43	69
2	35	51
3	35	51	55
3	35	51	81
2	35	55
3	35	55	85
2	35	65
3	35	65	69
3	35	65	81
2	35	69
3	35	69	85
2	35	81
2	35	85
2	36	37
3	36	37	66
4	36	37	66	70
4	36	37	66	82
3	36	37	70
4	36	37	70	86
3	36	37	82
3	36	37	86
2	36	44
3	36	44	66
4	36	44	66	70
3	36	44	70
2	36	48
3	36	48	52
3	36	48	82
2	36	52
3	36	52	86
2	36	66
3	36	66	70
3	36	66	82
2	36	70
3	36	70	86
2	36	82
2	36	86
2	37	45
3	37	45	66
4	37	45	66	70
3	37	45	70
2	37	49
3	37	49	53
3	37	49	82
2	37	53
3	37	53	86
2	37	66
3	37	66	70
3	37	66	82
2	37	70
3	37	70	86
2	37	82
2	37	86
2	38	39
3	38	39	67
4	38	39	67	71
4	38	39	67	83
3	38	39	71
4	38	39	71	87
3	38	39	83
3	38	39	87
2	38	46
3	38	46	67
4	38	46	67	71
3	38	46	71
2	38	50
3	38	50	54
3	38	50	83
2	38	54
3	38	54	87
2	38	67
3	38	67	71
3	38	67	83
2	38	71
3	38	71	87
2	38	83
2	38	87
2	39	47
3	39	47	67
4	39	47	67	71
3	39	47	71
2	39	51
3	39	51	55
3	39	51	83
2	39	55
3	39	55	87
2	39	67
3	39	67	71
3	39	67	83
2	39	71
3	39	71	87
2	39	83
2	39	87
2	40	42
3	40	42	56
4	40	42	56	60
4	40	42	56	88
3	40	42	60
4	40	42	60	92
3	40	42	88
3	40	42	92
2	40	56
3	40	56	60
3	40	56	88
2	40	60
3	40	60	92
2	40	64
3	40	64	68
3	40	64	88
2	40	68
3	40	68	92
2	40	88
2	40	92
2	41	43
3	41	43	57
4	41	43	57	61
4	41	43	57	89
3	41	43	61
4	41	43	61	93
3	41	43	89
3	41	43	93
2	41	57
3	41	57	61
3	41	57	89
2	41	61
3	41	61	93
2	41	64
3	41	64	68
3	41	64	89
2	41	68
3	41	68	93
2	41	89
2	41	93
2	42	56
3	42	56	60
3	42	56	88
2	42	60
3	42	60	92
2	42	65
3	42	65	69
3	42	65	88
2	42	69
3	42	69	92
2	42	88
2	42	92
2	43	57
3	43	57	61
3	43	57	89
2	43	61
3	43	61	93
2	43	65
3	43	65	69
3	43	65	89
2	43	69
3	43	69	93
2	43	89
2	43	93
2	44	46
3	44	46	58
4	44	46	58	62
4	44	46	58	90
3	44	46	62
4	44	46	62	94
3	44	46	90
3	44	46	94
2	44	58
3	44	58	62
3	44	58	90
2	44	62
3	44	62	94
2	44	66
3	44	66	70
3	44	66	90
2	44	70
3	44	70	94
2	44	90
2	44	94
2	45	47
3	45	47	59
4	45	47	59	63
4	45	47	59	91
3	45	47	63
4	45	47	63	95
3	45	47	91
3	45	47	95
2	45	59
3	45	59	63
3	45	59	91
2	45	63
3	45	63	95
2	45	66
3	45	66	70
3	45	66	91
2	45	70
3	45	70	95
2	45	91
2	45	95
2	46	58
3	46	58	62
3	46	58	90
2	46	62
3	46	62	94
2	46	67
3	46	67	71
3	46	67	90
2	46	71
3	46	71	94
2	46	90
2	46	94
2	47	59
3	47	59	63
3	47	59	91
2	47	63
3	47	63	95
2	47	67
3	47	67	71
3	47	67	91
2	47	71
3	47	71	95
2	47	91
2	47	95
2	48	52
2	48	72
3	48	72	96
2	48	80
3	48	80	82
4	48	80	82	96
3	48	80	96
2	48	82
3	48	82	96
2	48	96
2	49	53
2	49	73
3	49	73	97
2	49	80
3	49	80	82
4	49	80	82	97
3	49	80	97
2	49	82
3	49	82	97
2	49	97
2	50	54
2	50	74
3	50	74	98
2	50	81
3	50	81	83
4	50	81	83	98
3	50	81	98
2	50	83
3	50	83	98
2	50	98
2	51	55
2	51	75
3	51	75	99
2	51	81
3	51	81	83
4	51	81	83	99
3	51	81	99
2	51	83
3	51	83	99
2	51	99
2	52	76
3	52	76	100
2	52	84
3	52	84	86
4	52	84	86	100
3	52	84	100
2	52	86
3	52	86	100
2	52	100
2	53	77
3	53	77	101
2	53	84
3	53	84	86
4	53	84	86	101
3	53	84	101
2	53	86
3	53	86	101
2	53	101
2	54	78
3	54	78	102
2	54	85
3	54	85	87
4	54	85	87	102
3	54	85	102
2	54	87
3	54	87	102
2	54	102
2	55	79
3	55	79	103
2	55	85
3	55	85	87
4	55	85	87	103
3	55	85	103
2	55	87
3	55	87	103
2	55	103
2	56	60
2	56	72
3	56	72	74
4	56	72	74	104
3	56	72	104
2	56	74
3	56	74	104
2	56	88
3	56	88	104
2	56	104
2	57	61
2	57	73
3	57	73	75
4	57	73	75	105
3	57	73	105
2	57	75
3	57	75	105
2	57	89
3	57	89	105
2	57	105
2	58	62
2	58	72
3	58	72	74
4	58	72	74	106
3	58	72	106
2	58	74
3	58	74	106
2	58	90
3	58	90	106
2	58	106
2	59	63
2	59	73
3	59	73	75
4	59	73	75	107
3	59	73	107
2	59	75
3	59	75	107
2	59	91
3	59	91	107
2	59	107
2	60	76
3	60	76	78
4	60	76	78	108
3	60	76	108
2	60	78
3	60	78	108
2	60	92
3	60	92	108
2	60	108
2	61	77
3	61	77	79
4	61	77	79	109
3	61	77	109
2	61	79
3	61	79	109
2	61	93
3	61	93	109
2	61	109
2	62	76
3	62	76	78
4	62	76	78	110
3	62	76	110
2	62	78
3	62	78	110
2	62	94
3	62	94	110
2	62	110
2	63	77
3	63	77	79
4	63	77	79	111
3	63	77	111
2	63	79
3	63	79	111
2	63	95
3	63	95	111
2	63	111
2	64	68
2	64	80
3	64	80	112
2	64	88
3	64	88	89
4	64	88	89	112
3	64	88	112
2	64	89
3	64	89	112
2	64	112
2	65	69
2	65	81
3	65	81	113
2	65	88
3	65	88	89
4	65	88	89	113
3	65	88	113
2	65	89
3	65	89	113
2	65	113
2	66	70
2	66	82
3	66	82	114
2	66	90
3	66	90	91
4	66	90	91	114
3	66	90	114
2	66	91
3	66	91	114
2	66	114
2	67	71
2	67	83
3	67	83	115
2	67	90
3	67	90	91
4	67	90	91	115
3	67	90	115
2	67	91
3	67	91	115
2	67	115
2	68	84
3	68	84	116
2	68	92
3	68	92	93
4	68	92	93	116
3	68	92	116
2	68	93
3	68	93	116
2	68	116
2	69	85
3	69	85	117
2	69	92
3	69	92	93
4	69	92	93	117
3	69	92	117
2	69	93
3	69	93	117
2	69	117
2	70	86
3	70	86	118
2	70	94
3	70	94	95
4	70	94	95	118
3	70	94	118
2	70	95
3	70	95	118
2	70	118
2	71	87
3	71	87	119
2	71	94
3	71	94	95
4	71	94	95	119
3	71	94	119
2	71	95
3	71	95	119
2	71	119
2	72	74
3	72	74	104
4	72	74	104	106
3	72	74	106
2	72	96
3	72	96	104
4	72	96	104	106
3	72	96	106
2	72	104
3	72	104	106
2	72	106
2	73	75
3	73	75	105
4	73	75	105	107
3	73	75	107
2	73	97
3	73	97	105
4	73	97	105	107
3	73	97	107
2	73	105
3	73	105	107
2	73	107
2	74	98
3	74	98	104
4	74	98	104	106
3	74	98	106
2	74	104
3	74	104	106
2	74	106
2	75	99
3	75	99	105
4	75	99	105	107
3	75	99	107
2	75	105
3	75	105	107
2	75	107
2	76	78
3	76	78	108
4	76	78	108	110
3	76	78	110
2	76	100
3	76	100	108
4	76	100	108	110
3	76	100	110
2	76	108
3	76	108	110
2	76	110
2	77	79
3	77	79	109
4	77	79	109	111
3	77	79	111
2	77	101
3	77	101	109
4	77	101	109	111
3	77	101	111
2	77	109
3	77	109	111
2	77	111
2	78	102
3	78	102	108
4	78	102	108	110
3	78	102	110
2	78	108
3	78	108	110
2	78	110
2	79	103
3	79	103	109
4	79	103	109	111
3	79	103	111
2	79	109
3	79	109	111
2	79	111
2	80	82
3	80	82	96
4	80	82	96	97
3	80	82	97
2	80	96
3	80	96	97
4	80	96	97	112
3	80	96	112
2	80	97
3	80	97	112
2	80	112
2	81	83
3	81	83	98
4	81	83	98	99
3	81	83	99
2	81	98
3	81	98	99
4	81	98	99	113
3	81	98	113
2	81	99
3	81	99	113
2	81	113
2	82	96
3	82	96	97
4	82	96	97	114
3	82	96	114
2	82	97
3	82	97	114
2	82	114
2	83	98
3	83	98	99
4	83	98	99	115
3	83	98	115
2	83	99
3	83	99	115
2	83	115
2	84	86
3	84	86	100
4	84	86	100	101
3	84	86	101
2	84	100
3	84	100	101
4	84	100	101	116
3	84	100	116
2	84	101
3	84	101	116
2	84	116
2	85	87
3	85	87	102
4	85	87	102	103
3	85	87	103
2	85	102
3	85	102	103
4	85	102	103	117
3	85	102	117
2	85	103
3	85	103	117
2	85	117
2	86	100
3	86	100	101
4	86	100	101	118
3	86	100	118
2	86	101
3	86	101	118
2	86	118
2	87	102
3	87	102	103
4	87	102	103	119
3	87	102	119
2	87	103
3	87	103	119
2	87	119
2	88	89
3	88	89	112
4	88	89	112	113
3	88	89	113
2	88	104
3	88	104	112
4	88	104	112	113
3	88	104	113
2	88	112
3	88	112	113
2	88	113
2	89	105
3	89	105	112
4	89	105	112	113
3	89	105	113
2	89	112
3	89	112	113
2	89	113
2	90	91
3	90	91	114
4	90	91	114	115
3	90	91	115
2	90	106
3	90	106	114
4	90	106	114	115
3	90	106	115
2	90	114
3	90	114	115
2	90	115
2	91	107
3	91	107	114
4	91	107	114	115
3	91	107	115
2	91	114
3	91	114	115
2	91	115
2	92	93
3	92	93	116
4	92	93	116	117
3	92	93	117
2	92	108
3	92	108	116
4	92	108	116	117
3	92	108	117
2	92	116
3	92	116	117
2	92	117
2	93	109
3	93	109	116
4	93	109	116	117
3	93	109	117
2	93	116
3	93	116	117
2	93	117
2	94	95
3	94	95	118
4	94	95	118	119
3	94	95	119
2	94	110
3	94	110	118
4	94	110	118	119
3	94	110	119
2	94	118
3	94	118	119
2	94	119
2	95	111
3	95	111	118
4	95	111	118	119
3	95	111	119
2	95	118
3	95	118	119
2	95	119
2	96	97
3	96	97	112
3	96	97	114
2	96	104
3	96	104	106
3	96	104	112
2	96	106
3	96	106	114
2	96	112
2	96	114
2	97	105
3	97	105	107
3	97	105	112
2	97	107
3	97	107	114
2	97	112
2	97	114
2	98	99
3	98	99	113
3	98	99	115
2	98	104
3	98	104	106
3	98	104	113
2	98	106
3	98	106	115
2	98	113
2	98	115
2	99	105
3	99	105	107
3	99	105	113
2	99	107
3	99	107	115
2	99	113
2	99	115
2	100	101
3	100	101	116
3	100	101	118
2	100	108
3	100	108	110
3	100	108	116
2	100	110
3	100	110	118
2	100	116
2	100	118
2	101	109
3	101	109	111
3	101	109	116
2	101	111
3	101	111	118
2	101	116
2	101	118
2	102	103
3	102	103	117
3	102	103	119
2	102	108
3	102	108	110
3	102	108	117
2	102	110
3	102	110	119
2	102	117
2	102	119
2	103	109
3	103	109	111
3	103	109	117
2	103	111
3	103	111	119
2	103	117
2	103	119
2	104	106
2	104	112
3	104	112	113
2	104	113
2	105	107
2	105	112
3	105	112	113
2	105	113
2	106	114
3	106	114	115
2	106	115
2	107	114
3	107	114	115
2	107	115
2	108	110
2	108	116
3	108	116	117
2	108	117
2	109	111
2	109	116
3	109	116	117
2	109	117
2	110	118
3	110	118	119
2	110	119
2	111	118
3	111	118	119
2	111	119
2	112	113
2	114	115
2	116	117
2	118	119