10	120
0.219873	-0.120953	0.134967	-0.339018	-0.505932	-0.036814	0.393056	-0.49628	0.194472	-0.133623
0.624052	-0.246437	0.471318	0.0155607	-0.0168517	-0.396155	0.197283	-0.177595	-0.0695548	-0.0695012
0.112231	0.070251	-0.105342	-0.390421	-0.0151903	0.571785	0.606747	-0.276705	-0.218409	-0.0075461
0.51641	-0.0552332	0.23101	-0.0358429	0.47389	0.212444	0.410974	0.0419802	-0.482436	0.0565759
-0.176027	-0.391269	-0.237073	0.21164	-0.323742	-0.0114421	-0.0422747	-0.638031	0.383042	-0.356231
0.228152	-0.516753	0.0992785	0.566218	0.165339	-0.370783	-0.238047	-0.319346	0.119015	-0.292109
-0.283669	-0.200065	-0.477382	0.160236	0.167	0.597157	0.171417	-0.418455	-0.0298392	-0.230154
0.12051	-0.325549	-0.14103	0.514815	0.656081	0.237816	-0.024356	-0.0997702	-0.293866	-0.166032
-0.12051	0.325549	0.14103	-0.514815	-0.656081	-0.237816	0.024356	0.0997702	0.293866	0.166032
0.283669	0.200065	0.477382	-0.160236	-0.167	-0.597157	-0.171417	0.418455	0.0298392	0.230154
-0.228152	0.516753	-0.0992785	-0.566218	-0.165339	0.370783	0.238047	0.319346	-0.119015	0.292109
0.176027	0.391269	0.237073	-0.21164	0.323742	0.0114421	0.0422747	0.638031	-0.383042	0.356231
-0.51641	0.0552332	-0.23101	0.0358429	-0.47389	-0.212444	-0.410974	-0.0419802	0.482436	-0.0565759
-0.112231	-0.070251	0.105342	0.390421	0.0151903	-0.571785	-0.606747	0.276705	0.218409	0.0075461
-0.624052	0.246437	-0.471318	-0.0155607	0.0168517	0.396155	-0.197283	0.177595	0.0695548	0.0695012
-0.219873	0.120953	-0.134967	0.339018	0.505932	0.036814	-0.393056	0.49628	-0.194472	0.133623
0.404179	-0.125484	0.336352	0.354578	0.489081	-0.359341	-0.195773	0.318685	-0.264027	0.064122
-0.404179	0.125484	-0.336352	-0.354578	-0.489081	0.359341	0.195773	-0.318685	0.264027	-0.064122
-0.107642	0.191204	-0.240309	-0.0514037	0.490742	0.608599	0.213691	0.219575	-0.412881	0.126077
0.107642	-0.191204	0.240309	0.0514037	-0.490742	-0.608599	-0.213691	-0.219575	0.412881	-0.126077
-0.3959	-0.270316	-0.37204	0.550657	0.18219	0.0253719	-0.43533	-0.14175	0.18857	-0.222608
0.3959	0.270316	0.37204	-0.550657	-0.18219	-0.0253719	0.43533	0.14175	-0.18857	0.222608
-0.340383	0.446502	0.00606346	-0.175797	-0.150148	-0.201002	-0.3687	0.596051	0.099394	0.299655
0.340383	-0.446502	-0.00606346	0.175797	0.150148	0.201002	0.3687	-0.596051	-0.099394	-0.299655
-0.150827	0.0894492	-0.0369934	-0.431321	-0.697345	-0.0214268	0.186062	-0.323806	0.361772	-0.0461248
0.503148	-0.113589	0.507235	0.142399	0.0940036	-0.602853	-0.130705	0.191837	-0.0654331	0.0576268
-0.258469	0.280653	-0.277302	-0.482724	-0.206603	0.587172	0.399754	-0.104231	-0.0511094	0.0799522
0.395506	0.0776152	0.266927	0.0909955	0.584746	0.00574609	0.0829867	0.411413	-0.478314	0.183704
-0.395506	-0.0776152	-0.266927	-0.0909955	-0.584746	-0.00574609	-0.0829867	-0.411413	0.478314	-0.183704
0.258469	-0.280653	0.277302	0.482724	0.206603	-0.587172	-0.399754	0.104231	0.0511094	-0.0799522
-0.503148	0.113589	-0.507235	-0.142399	-0.0940036	0.602853	0.130705	-0.191837	0.0654331	-0.0576268
0.150827	-0.0894492	0.0369934	0.431321	0.697345	0.0214268	-0.186062	0.323806	-0.361772	0.0461248
0.160136	0.0192475	0.276495	-0.343313	-0.639248	-0.39401	0.105282	-0.205244	0.321332	-0.0105095
0.409932	-0.058306	0.484372	-0.124172	-0.33698	-0.616095	-0.015712	-0.00828599	0.158154	0.0291201
-0.0140324	0.328622	-0.112332	-0.426486	0.154789	0.590723	0.451042	0.150036	-0.346724	0.193487
0.235764	0.251068	0.0955446	-0.207344	0.457058	0.368638	0.330048	0.346995	-0.509902	0.233117
-0.235764	-0.251068	-0.0955446	0.207344	-0.457058	-0.368638	-0.330048	-0.346995	0.509902	-0.233117
0.0140324	-0.328622	0.112332	0.426486	-0.154789	-0.590723	-0.451042	-0.150036	0.346724	-0.193487
-0.409932	0.058306	-0.484372	0.124172	0.33698	0.616095	0.015712	0.00828599	-0.158154	-0.0291201
-0.160136	-0.0192475	-0.276495	0.343313	0.639248	0.39401	-0.105282	0.205244	-0.321332	0.0105095
0.151464	0.222347	0.20707	-0.606896	-0.543583	-0.0289232	0.384042	-0.112517	0.107045	0.109072
0.555642	0.0968628	0.543422	-0.252317	-0.0545024	-0.388264	0.188269	0.206168	-0.156982	0.173194
0.0849371	0.340517	0.0585512	-0.638665	-0.240288	0.347212	0.51611	0.0231885	-0.14813	0.186992
0.489116	0.215033	0.394903	-0.284087	0.248793	-0.0121294	0.320338	0.341874	-0.412157	0.251114
-0.489116	-0.215033	-0.394903	0.284087	-0.248793	0.0121294	-0.320338	-0.341874	0.412157	-0.251114
-0.0849371	-0.340517	-0.0585512	0.638665	0.240288	-0.347212	-0.51611	-0.0231885	0.14813	-0.186992
-0.555642	-0.0968628	-0.543422	0.252317	0.0545024	0.388264	-0.188269	-0.206168	0.156982	-0.173194
-0.151464	-0.222347	-0.20707	0.606896	0.543583	0.0289232	-0.384042	0.112517	-0.107045	-0.109072
-0.00982102	-0.229922	0.0243641	-0.0813785	-0.59516	-0.250583	0.0389408	-0.521173	0.435327	-0.226658
0.394358	-0.355406	0.360716	0.2732	-0.10608	-0.609924	-0.156832	-0.202488	0.1713	-0.162536
-0.18399	0.0794526	-0.364463	-0.164551	0.198877	0.73415	0.384701	-0.165892	-0.232729	-0.0226609
0.220189	-0.0460316	-0.0281115	0.190027	0.687957	0.374809	0.188928	0.152793	-0.496756	0.0414611
-0.220189	0.0460316	0.0281115	-0.190027	-0.687957	-0.374809	-0.188928	-0.152793	0.496756	-0.0414611
0.18399	-0.0794526	0.364463	0.164551	-0.198877	-0.73415	-0.384701	0.165892	0.232729	0.0226609
-0.394358	0.355406	-0.360716	-0.2732	0.10608	0.609924	0.156832	0.202488	-0.1713	0.162536
0.00982102	0.229922	-0.0243641	0.0813785	0.59516	0.250583	-0.0389408	0.521173	-0.435327	0.226658
-0.0238535	0.0987001	-0.0879681	-0.507864	-0.440371	0.34014	0.489983	-0.371136	0.0886031	-0.0331705
0.630122	-0.104338	0.45626	0.0658554	0.350978	-0.241286	0.173216	0.144507	-0.338602	0.0705811
-0.419753	-0.171616	-0.460008	0.0427931	-0.258181	0.365512	0.0546528	-0.512887	0.277173	-0.255778
0.234222	-0.374654	0.0842207	0.616513	0.533168	-0.215914	-0.262114	0.00275671	-0.150032	-0.152026
-0.234222	0.374654	-0.0842207	-0.616513	-0.533168	0.215914	0.262114	-0.00275671	0.150032	0.152026
0.419753	0.171616	0.460008	-0.0427931	0.258181	-0.365512	-0.0546528	0.512887	-0.277173	0.255778
-0.630122	0.104338	-0.45626	-0.0658554	-0.350978	0.241286	-0.173216	-0.144507	0.338602	-0.0705811
0.0238535	-0.0987001	0.0879681	0.507864	0.440371	-0.34014	-0.489983	0.371136	-0.0886031	0.0331705
0.479295	-0.0148885	0.419267	-0.365465	-0.346368	-0.262713	0.359278	-0.179299	0.0231701	0.0244563
0.371653	0.176315	0.178959	-0.416869	0.144374	0.345886	0.57297	0.0402765	-0.389711	0.150533
-0.161285	-0.452269	-0.182706	0.525517	-0.0515775	-0.22166	-0.345101	-0.408656	0.328282	-0.33573
-0.268927	-0.261065	-0.423014	0.474114	0.439164	0.386939	-0.131409	-0.18908	-0.0845989	-0.209653
0.268927	0.261065	0.423014	-0.474114	-0.439164	-0.386939	0.131409	0.18908	0.0845989	0.209653
0.161285	0.452269	0.182706	-0.525517	0.0515775	0.22166	0.345101	0.408656	-0.328282	0.33573
-0.371653	-0.176315	-0.178959	0.416869	-0.144374	-0.345886	-0.57297	-0.0402765	0.389711	-0.150533
-0.479295	0.0148885	-0.419267	0.365465	0.346368	0.262713	-0.359278	0.179299	-0.0231701	-0.0244563
-0.123533	-0.180817	-0.200887	-0.183077	-0.472248	0.203146	0.276699	-0.623699	0.291493	-0.240663
0.530442	-0.383855	0.343342	0.390643	0.319101	-0.378279	-0.040068	-0.108056	-0.135712	-0.136912
-0.190059	-0.0626469	-0.349405	-0.214846	-0.168953	0.579281	0.408768	-0.487994	0.0363181	-0.162743
0.463916	-0.265685	0.194823	0.358874	0.622396	-0.00214477	0.0920006	0.027649	-0.390887	-0.0589916
-0.463916	0.265685	-0.194823	-0.358874	-0.622396	0.00214477	-0.0920006	-0.027649	0.390887	0.0589916
0.190059	0.0626469	0.349405	0.214846	0.168953	-0.579281	-0.408768	0.487994	-0.0363181	0.162743
-0.530442	0.383855	-0.343342	-0.390643	-0.319101	0.378279	0.040068	0.108056	0.135712	0.136912
0.123533	0.180817	0.200887	0.183077	0.472248	-0.203146	-0.276699	0.623699	-0.291493	0.240663
0.379616	-0.294406	0.306349	-0.0406776	-0.378244	-0.399706	0.145994	-0.431862	0.22606	-0.183036
0.205447	0.0149684	-0.0824788	-0.12385	0.415793	0.585027	0.491754	-0.0765817	-0.441996	0.0209606
0.134936	-0.46147	0.0764153	0.299647	-0.265645	-0.384026	-0.123055	-0.519469	0.342602	-0.320615
-0.0392325	-0.152096	-0.312412	0.216475	0.528393	0.600708	0.222705	-0.164188	-0.325454	-0.116618
0.0392325	0.152096	0.312412	-0.216475	-0.528393	-0.600708	-0.222705	0.164188	0.325454	0.116618
-0.134936	0.46147	-0.0764153	-0.299647	0.265645	0.384026	0.123055	0.519469	-0.342602	0.320615
-0.205447	-0.0149684	0.0824788	0.12385	-0.415793	-0.585027	-0.491754	0.0765817	0.441996	-0.0209606
-0.379616	0.294406	-0.306349	0.0406776	0.378244	0.399706	-0.145994	0.431862	-0.22606	0.183036
0.365583	0.0342159	0.194016	-0.467163	-0.223455	0.191017	0.597037	-0.281826	-0.120664	0.0104511
0.61538	-0.0433376	0.401893	-0.248022	0.0788133	-0.0310679	0.476042	-0.0848677	-0.283842	0.0500807
-0.274996	-0.403164	-0.407957	0.423819	0.071335	0.23207	-0.107343	-0.511183	0.184448	-0.349735
-0.0252	-0.480718	-0.20008	0.64296	0.373603	0.00998464	-0.228337	-0.314225	0.0212703	-0.310106
0.0252	0.480718	0.20008	-0.64296	-0.373603	-0.00998464	0.228337	0.314225	-0.0212703	0.310106
0.274996	0.403164	0.407957	-0.423819	-0.071335	-0.23207	0.107343	0.511183	-0.184448	0.349735
-0.61538	0.0433376	-0.401893	0.248022	-0.0788133	0.0310679	-0.476042	0.0848677	0.283842	-0.0500807
-0.365583	-0.0342159	-0.194016	0.467163	0.223455	-0.191017	-0.597037	0.281826	0.120664	-0.0104511
0.204299	-0.418053	0.0113104	0.0583539	-0.275033	-0.0306432	0.251936	-0.690482	0.207618	-0.325279
0.454095	-0.495606	0.219187	0.277495	0.0272357	-0.252728	0.130941	-0.493524	0.0444403	-0.28565
0.0966566	-0.226849	-0.228998	0.00695022	0.215709	0.577956	0.465627	-0.470906	-0.205263	-0.199202
0.346453	-0.304403	-0.0211213	0.226092	0.517978	0.355871	0.344633	-0.273948	-0.368441	-0.159572
-0.346453	0.304403	0.0211213	-0.226092	-0.517978	-0.355871	-0.344633	0.273948	0.368441	0.159572
-0.0966566	0.226849	0.228998	-0.00695022	-0.215709	-0.577956	-0.465627	0.470906	0.205263	0.199202
-0.454095	0.495606	-0.219187	-0.277495	-0.0272357	0.252728	-0.130941	0.493524	-0.0444403	0.28565
-0.204299	0.418053	-0.0113104	-0.0583539	0.275033	0.0306432	-0.251936	0.690482	-0.207618	0.325279
0.195626	-0.214953	-0.0581147	-0.205229	-0.179368	0.334444	0.530695	-0.597754	-0.0066691	-0.205697
0.599805	-0.340438	0.278237	0.149349	0.309713	-0.0248971	0.334922	-0.279069	-0.270696	-0.141575
-0.0490535	-0.382018	-0.288048	0.135096	-0.0667679	0.350125	0.261646	-0.685361	0.109873	-0.343276
0.355125	-0.507502	0.0483038	0.489674	0.422313	-0.00921639	0.0658734	-0.366676	-0.154154	-0.279154
-0.355125	0.507502	-0.0483038	-0.489674	-0.422313	0.00921639	-0.0658734	0.366676	0.154154	0.279154
0.0490535	0.382018	0.288048	-0.135096	0.0667679	-0.350125	-0.261646	0.685361	-0.109873	0.343276
-0.599805	0.340438	-0.278237	-0.149349	-0.309713	0.0248971	-0.334922	0.279069	0.270696	0.141575
-0.195626	0.214953	0.0581147	0.205229	0.179368	-0.334444	-0.530695	0.597754	0.0066691	0.205697
0.506589	-0.285155	0.255374	-0.117221	-0.12127	-0.0381396	0.449915	-0.479192	-0.047109	-0.170082
0.440063	-0.166984	0.106855	-0.148991	0.182025	0.337995	0.581984	-0.343487	-0.302284	-0.0921621
0.110689	-0.555471	-0.116666	0.433436	0.0609201	-0.0127677	0.0145848	-0.620943	0.141461	-0.39269
0.0441626	-0.4373	-0.265185	0.401667	0.364215	0.363367	0.146653	-0.485238	-0.113714	-0.31477
-0.0441626	0.4373	0.265185	-0.401667	-0.364215	-0.363367	-0.146653	0.485238	0.113714	0.31477
-0.110689	0.555471	0.116666	-0.433436	-0.0609201	0.0127677	-0.0145848	0.620943	-0.141461	0.39269
-0.440063	0.166984	-0.106855	0.148991	-0.182025	-0.337995	-0.581984	0.343487	0.302284	0.0921621
-0.506589	0.285155	-0.255374	0.117221	0.12127	0.0381396	-0.449915	0.479192	0.047109	0.170082
2520
2	0	24
3	0	24	32
4	0	24	32	40
4	0	24	32	48
3	0	24	40
4	0	24	40	56
3	0	24	48
4	0	24	48	72
3	0	24	56
4	0	24	56	72
3	0	24	72
2	0	32
3	0	32	40
4	0	32	40	64
3	0	32	48
4	0	32	48	80
3	0	32	64
4	0	32	64	80
3	0	32	80
2	0	40
3	0	40	56
4	0	40	56	88
3	0	40	64
4	0	40	64	88
3	0	40	88
2	0	48
3	0	48	72
4	0	48	72	96
3	0	48	80
4	0	48	80	96
3	0	48	96
2	0	56
3	0	56	72
4	0	56	72	104
3	0	56	88
4	0	56	88	104
3	0	56	104
2	0	64
3	0	64	80
4	0	64	80	112
3	0	64	88
4	0	64	88	112
3	0	64	112
2	0	72
3	0	72	96
4	0	72	96	104
3	0	72	104
2	0	80
3	0	80	96
4	0	80	96	112
3	0	80	112
2	0	88
3	0	88	104
4	0	88	104	112
3	0	88	112
2	0	96
3	0	96	104
4	0	96	104	112
3	0	96	112
2	0	104
3	0	104	112
2	0	112
2	1	25
3	1	25	33
4	1	25	33	41
4	1	25	33	49
3	1	25	41
4	1	25	41	57
3	1	25	49
4	1	25	49	73
3	1	25	57
4	1	25	57	73
3	1	25	73
2	1	33
3	1	33	41
4	1	33	41	64
3	1	33	49
4	1	33	49	80
3	1	33	64
4	1	33	64	80
3	1	33	80
2	1	41
3	1	41	57
4	1	41	57	89
3	1	41	64
4	1	41	64	89
3	1	41	89
2	1	49
3	1	49	73
4	1	49	73	97
3	1	49	80
4	1	49	80	97
3	1	49	97
2	1	57
3	1	57	73
4	1	57	73	105
3	1	57	89
4	1	57	89	105
3	1	57	105
2	1	64
3	1	64	80
4	1	64	80	112
3	1	64	89
4	1	64	89	112
3	1	64	112
2	1	73
3	1	73	97
4	1	73	97	105
3	1	73	105
2	1	80
3	1	80	97
4	1	80	97	112
3	1	80	112
2	1	89
3	1	89	105
4	1	89	105	112
3	1	89	112
2	1	97
3	1	97	105
4	1	97	105	112
3	1	97	112
2	1	105
3	1	105	112
2	1	112
2	2	26
3	2	26	34
4	2	26	34	42
4	2	26	34	50
3	2	26	42
4	2	26	42	56
3	2	26	50
4	2	26	50	74
3	2	26	56
4	2	26	56	74
3	2	26	74
2	2	34
3	2	34	42
4	2	34	42	65
3	2	34	50
4	2	34	50	81
3	2	34	65
4	2	34	65	81
3	2	34	81
2	2	42
3	2	42	56
4	2	42	56	88
3	2	42	65
4	2	42	65	88
3	2	42	88
2	2	50
3	2	50	74
4	2	50	74	98
3	2	50	81
4	2	50	81	98
3	2	50	98
2	2	56
3	2	56	74
4	2	56	74	104
3	2	56	88
4	2	56	88	104
3	2	56	104
2	2	65
3	2	65	81
4	2	65	81	113
3	2	65	88
4	2	65	88	113
3	2	65	113
2	2	74
3	2	74	98
4	2	74	98	104
3	2	74	104
2	2	81
3	2	81	98
4	2	81	98	113
3	2	81	113
2	2	88
3	2	88	104
4	2	88	104	113
3	2	88	113
2	2	98
3	2	98	104
4	2	98	104	113
3	2	98	113
2	2	104
3	2	104	113
2	2	113
2	3	27
3	3	27	35
4	3	27	35	43
4	3	27	35	51
3	3	27	43
4	3	27	43	57
3	3	27	51
4	3	27	51	75
3	3	27	57
4	3	27	57	75
3	3	27	75
2	3	35
3	3	35	43
4	3	35	43	65
3	3	35	51
4	3	35	51	81
3	3	35	65
4	3	35	65	81
3	3	35	81
2	3	43
3	3	43	57
4	3	43	57	89
3	3	43	65
4	3	43	65	89
3	3	43	89
2	3	51
3	3	51	75
4	3	51	75	99
3	3	51	81
4	3	51	81	99
3	3	51	99
2	3	57
3	3	57	75
4	3	57	75	105
3	3	57	89
4	3	57	89	105
3	3	57	105
2	3	65
3	3	65	81
4	3	65	81	113
3	3	65	89
4	3	65	89	113
3	3	65	113
2	3	75
3	3	75	99
4	3	75	99	105
3	3	75	105
2	3	81
3	3	81	99
4	3	81	99	113
3	3	81	113
2	3	89
3	3	89	105
4	3	89	105	113
3	3	89	113
2	3	99
3	3	99	105
4	3	99	105	113
3	3	99	113
2	3	105
3	3	105	113
2	3	113
2	4	28
3	4	28	36
4	4	28	36	44
4	4	28	36	48
3	4	28	44
4	4	28	44	58
3	4	28	48
4	4	28	48	72
3	4	28	58
4	4	28	58	72
3	4	28	72
2	4	36
3	4	36	44
4	4	36	44	66
3	4	36	48
4	4	36	48	82
3	4	36	66
4	4	36	66	82
3	4	36	82
2	4	44
3	4	44	58
4	4	44	58	90
3	4	44	66
4	4	44	66	90
3	4	44	90
2	4	48
3	4	48	72
4	4	48	72	96
3	4	48	82
4	4	48	82	96
3	4	48	96
2	4	58
3	4	58	72
4	4	58	72	106
3	4	58	90
4	4	58	90	106
3	4	58	106
2	4	66
3	4	66	82
4	4	66	82	114
3	4	66	90
4	4	66	90	114
3	4	66	114
2	4	72
3	4	72	96
4	4	72	96	106
3	4	72	106
2	4	82
3	4	82	96
4	4	82	96	114
3	4	82	114
2	4	90
3	4	90	106
4	4	90	106	114
3	4	90	114
2	4	96
3	4	96	106
4	4	96	106	114
3	4	96	114
2	4	106
3	4	106	114
2	4	114
2	5	29
3	5	29	37
4	5	29	37	45
4	5	29	37	49
3	5	29	45
4	5	29	45	59
3	5	29	49
4	5	29	49	73
3	5	29	59
4	5	29	59	73
3	5	29	73
2	5	37
3	5	37	45
4	5	37	45	66
3	5	37	49
4	5	37	49	82
3	5	37	66
4	5	37	66	82
3	5	37	82
2	5	45
3	5	45	59
4	5	45	59	91
3	5	45	66
4	5	45	66	91
3	5	45	91
2	5	49
3	5	49	73
4	5	49	73	97
3	5	49	82
4	5	49	82	97
3	5	49	97
2	5	59
3	5	59	73
4	5	59	73	107
3	5	59	91
4	5	59	91	107
3	5	59	107
2	5	66
3	5	66	82
4	5	66	82	114
3	5	66	91
4	5	66	91	114
3	5	66	114
2	5	73
3	5	73	97
4	5	73	97	107
3	5	73	107
2	5	82
3	5	82	97
4	5	82	97	114
3	5	82	114
2	5	91
3	5	91	107
4	5	91	107	114
3	5	91	114
2	5	97
3	5	97	107
4	5	97	107	114
3	5	97	114
2	5	107
3	5	107	114
2	5	114
2	6	30
3	6	30	38
4	6	30	38	46
4	6	30	38	50
3	6	30	46
4	6	30	46	58
3	6	30	50
4	6	30	50	74
3	6	30	58
4	6	30	58	74
3	6	30	74
2	6	38
3	6	38	46
4	6	38	46	67
3	6	38	50
4	6	38	50	83
3	6	38	67
4	6	38	67	83
3	6	38	83
2	6	46
3	6	46	58
4	6	46	58	90
3	6	46	67
4	6	46	67	90
3	6	46	90
2	6	50
3	6	50	74
4	6	50	74	98
3	6	50	83
4	6	50	83	98
3	6	50	98
2	6	58
3	6	58	74
4	6	58	74	106
3	6	58	90
4	6	58	90	106
3	6	58	106
2	6	67
3	6	67	83
4	6	67	83	115
3	6	67	90
4	6	67	90	115
3	6	67	115
2	6	74
3	6	74	98
4	6	74	98	106
3	6	74	106
2	6	83
3	6	83	98
4	6	83	98	115
3	6	83	115
2	6	90
3	6	90	106
4	6	90	106	115
3	6	90	115
2	6	98
3	6	98	106
4	6	98	106	115
3	6	98	115
2	6	106
3	6	106	115
2	6	115
2	7	31
3	7	31	39
4	7	31	39	47
4	7	31	39	51
3	7	31	47
4	7	31	47	59
3	7	31	51
4	7	31	51	75
3	7	31	59
4	7	31	59	75
3	7	31	75
2	7	39
3	7	39	47
4	7	39	47	67
3	7	39	51
4	7	39	51	83
3	7	39	67
4	7	39	67	83
3	7	39	83
2	7	47
3	7	47	59
4	7	47	59	91
3	7	47	67
4	7	47	67	91
3	7	47	91
2	7	51
3	7	51	75
4	7	51	75	99
3	7	51	83
4	7	51	83	99
3	7	51	99
2	7	59
3	7	59	75
4	7	59	75	107
3	7	59	91
4	7	59	91	107
3	7	59	107
2	7	67
3	7	67	83
4	7	67	83	115
3	7	67	91
4	7	67	91	115
3	7	67	115
2	7	75
3	7	75	99
4	7	75	99	107
3	7	75	107
2	7	83
3	7	83	99
4	7	83	99	115
3	7	83	115
2	7	91
3	7	91	107
4	7	91	107	115
3	7	91	115
2	7	99
3	7	99	107
4	7	99	107	115
3	7	99	115
2	7	107
3	7	107	115
2	7	115
2	8	24
3	8	24	32
4	8	24	32	40
4	8	24	32	52
3	8	24	40
4	8	24	40	60
3	8	24	52
4	8	24	52	76
3	8	24	60
4	8	24	60	76
3	8	24	76
2	8	32
3	8	32	40
4	8	32	40	68
3	8	32	52
4	8	32	52	84
3	8	32	68
4	8	32	68	84
3	8	32	84
2	8	40
3	8	40	60
4	8	40	60	92
3	8	40	68
4	8	40	68	92
3	8	40	92
2	8	52
3	8	52	76
4	8	52	76	100
3	8	52	84
4	8	52	84	100
3	8	52	100
2	8	60
3	8	60	76
4	8	60	76	108
3	8	60	92
4	8	60	92	108
3	8	60	108
2	8	68
3	8	68	84
4	8	68	84	116
3	8	68	92
4	8	68	92	116
3	8	68	116
2	8	76
3	8	76	100
4	8	76	100	108
3	8	76	108
2	8	84
3	8	84	100
4	8	84	100	116
3	8	84	116
2	8	92
3	8	92	108
4	8	92	108	116
3	8	92	116
2	8	100
3	8	100	108
4	8	100	108	116
3	8	100	116
2	8	108
3	8	108	116
2	8	116
2	9	25
3	9	25	33
4	9	25	33	41
4	9	25	33	53
3	9	25	41
4	9	25	41	61
3	9	25	53
4	9	25	53	77
3	9	25	61
4	9	25	61	77
3	9	25	77
2	9	33
3	9	33	41
4	9	33	41	68
3	9	33	53
4	9	33	53	84
3	9	33	68
4	9	33	68	84
3	9	33	84
2	9	41
3	9	41	61
4	9	41	61	93
3	9	41	68
4	9	41	68	93
3	9	41	93
2	9	53
3	9	53	77
4	9	53	77	101
3	9	53	84
4	9	53	84	101
3	9	53	101
2	9	61
3	9	61	77
4	9	61	77	109
3	9	61	93
4	9	61	93	109
3	9	61	109
2	9	68
3	9	68	84
4	9	68	84	116
3	9	68	93
4	9	68	93	116
3	9	68	116
2	9	77
3	9	77	101
4	9	77	101	109
3	9	77	109
2	9	84
3	9	84	101
4	9	84	101	116
3	9	84	116
2	9	93
3	9	93	109
4	9	93	109	116
3	9	93	116
2	9	101
3	9	101	109
4	9	101	109	116
3	9	101	116
2	9	109
3	9	109	116
2	9	116
2	10	26
3	10	26	34
4	10	26	34	42
4	10	26	34	54
3	10	26	42
4	10	26	42	60
3	10	26	54
4	10	26	54	78
3	10	26	60
4	10	26	60	78
3	10	26	78
2	10	34
3	10	34	42
4	10	34	42	69
3	10	34	54
4	10	34	54	85
3	10	34	69
4	10	34	69	85
3	10	34	85
2	10	42
3	10	42	60
4	10	42	60	92
3	10	42	69
4	10	42	69	92
3	10	42	92
2	10	54
3	10	54	78
4	10	54	78	102
3	10	54	85
4	10	54	85	102
3	10	54	102
2	10	60
3	10	60	78
4	10	60	78	108
3	10	60	92
4	10	60	92	108
3	10	60	108
2	10	69
3	10	69	85
4	10	69	85	117
3	10	69	92
4	10	69	92	117
3	10	69	117
2	10	78
3	10	78	102
4	10	78	102	108
3	10	78	108
2	10	85
3	10	85	102
4	10	85	102	117
3	10	85	117
2	10	92
3	10	92	108
4	10	92	108	117
3	10	92	117
2	10	102
3	10	102	108
4	10	102	108	117
3	10	102	117
2	10	108
3	10	108	117
2	10	117
2	11	27
3	11	27	35
4	11	27	35	43
4	11	27	35	55
3	11	27	43
4	11	27	43	61
3	11	27	55
4	11	27	55	79
3	11	27	61
4	11	27	61	79
3	11	27	79
2	11	35
3	11	35	43
4	11	35	43	69
3	11	35	55
4	11	35	55	85
3	11	35	69
4	11	35	69	85
3	11	35	85
2	11	43
3	11	43	61
4	11	43	61	93
3	11	43	69
4	11	43	69	93
3	11	43	93
2	11	55
3	11	55	79
4	11	55	79	103
3	11	55	85
4	11	55	85	103
3	11	55	103
2	11	61
3	11	61	79
4	11	61	79	109
3	11	61	93
4	11	61	93	109
3	11	61	109
2	11	69
3	11	69	85
4	11	69	85	117
3	11	69	93
4	11	69	93	117
3	11	69	117
2	11	79
3	11	79	103
4	11	79	103	109
3	11	79	109
2	11	85
3	11	85	103
4	11	85	103	117
3	11	85	117
2	11	93
3	11	93	109
4	11	93	109	117
3	11	93	117
2	11	103
3	11	103	109
4	11	103	109	117
3	11	103	117
2	11	109
3	11	109	117
2	11	117
2	12	28
3	12	28	36
4	12	28	36	44
4	12	28	36	52
3	12	28	44
4	12	28	44	62
3	12	28	52
4	12	28	52	76
3	12	28	62
4	12	28	62	76
3	12	28	76
2	12	36
3	12	36	44
4	12	36	44	70
3	12	36	52
4	12	36	52	86
3	12	36	70
4	12	36	70	86
3	12	36	86
2	12	44
3	12	44	62
4	12	44	62	94
3	12	44	70
4	12	44	70	94
3	12	44	94
2	12	52
3	12	52	76
4	12	52	76	100
3	12	52	86
4	12	52	86	100
3	12	52	100
2	12	62
3	12	62	76
4	12	62	76	110
3	12	62	94
4	12	62	94	110
3	12	62	110
2	12	70
3	12	70	86
4	12	70	86	118
3	12	70	94
4	12	70	94	118
3	12	70	118
2	12	76
3	12	76	100
4	12	76	100	110
3	12	76	110
2	12	86
3	12	86	100
4	12	86	100	118
3	12	86	118
2	12	94
3	12	94	110
4	12	94	110	118
3	12	94	118
2	12	100
3	12	100	110
4	12	100	110	118
3	12	100	118
2	12	110
3	12	110	118
2	12	118
2	13	29
3	13	29	37
4	13	29	37	45
4	13	29	37	53
3	13	29	45
4	13	29	45	63
3	13	29	53
4	13	29	53	77
3	13	29	63
4	13	29	63	77
3	13	29	77
2	13	37
3	13	37	45
4	13	37	45	70
3	13	37	53
4	13	37	53	86
3	13	37	70
4	13	37	70	86
3	13	37	86
2	13	45
3	13	45	63
4	13	45	63	95
3	13	45	70
4	13	45	70	95
3	13	45	95
2	13	53
3	13	53	77
4	13	53	77	101
3	13	53	86
4	13	53	86	101
3	13	53	101
2	13	63
3	13	63	77
4	13	63	77	111
3	13	63	95
4	13	63	95	111
3	13	63	111
2	13	70
3	13	70	86
4	13	70	86	118
3	13	70	95
4	13	70	95	118
3	13	70	118
2	13	77
3	13	77	101
4	13	77	101	111
3	13	77	111
2	13	86
3	13	86	101
4	13	86	101	118
3	13	86	118
2	13	95
3	13	95	111
4	13	95	111	118
3	13	95	118
2	13	101
3	13	101	111
4	13	101	111	118
3	13	101	118
2	13	111
3	13	111	118
2	13	118
2	14	30
3	14	30	38
4	14	30	38	46
4	14	30	38	54
3	14	30	46
4	14	30	46	62
3	14	30	54
4	14	30	54	78
3	14	30	62
4	14	30	62	78
3	14	30	78
2	14	38
3	14	38	46
4	14	38	46	71
3	14	38	54
4	14	38	54	87
3	14	38	71
4	14	38	71	87
3	14	38	87
2	14	46
3	14	46	62
4	14	46	62	94
3	14	46	71
4	14	46	71	94
3	14	46	94
2	14	54
3	14	54	78
4	14	54	78	102
3	14	54	87
4	14	54	87	102
3	14	54	102
2	14	62
3	14	62	78
4	14	62	78	110
3	14	62	94
4	14	62	94	110
3	14	62	110
2	14	71
3	14	71	87
4	14	71	87	119
3	14	71	94
4	14	71	94	119
3	14	71	119
2	14	78
3	14	78	102
4	14	78	102	110
3	14	78	110
2	14	87
3	14	87	102
4	14	87	102	119
3	14	87	119
2	14	94
3	14	94	110
4	14	94	110	119
3	14	94	119
2	14	102
3	14	102	110
4	14	102	110	119
3	14	102	119
2	14	110
3	14	110	119
2	14	119
2	15	31
3	15	31	39
4	15	31	39	47
4	15	31	39	55
3	15	31	47
4	15	31	47	63
3	15	31	55
4	15	31	55	79
3	15	31	63
4	15	31	63	79
3	15	31	79
2	15	39
3	15	39	47
4	15	39	47	71
3	15	39	55
4	15	39	55	87
3	15	39	71
4	15	39	71	87
3	15	39	87
2	15	47
3	15	47	63
4	15	47	63	95
3	15	47	71
4	15	47	71	95
3	15	47	95
2	15	55
3	15	55	79
4	15	55	79	103
3	15	55	87
4	15	55	87	103
3	15	55	103
2	15	63
3	15	63	79
4	15	63	79	111
3	15	63	95
4	15	63	95	111
3	15	63	111
2	15	71
3	15	71	87
4	15	71	87	119
3	15	71	95
4	15	71	95	119
3	15	71	119
2	15	79
3	15	79	103
4	15	79	103	111
3	15	79	111
2	15	87
3	15	87	103
4	15	87	103	119
3	15	87	119
2	15	95
3	15	95	111
4	15	95	111	119
3	15	95	119
2	15	103
3	15	103	111
4	15	103	111	119
3	15	103	119
2	15	111
3	15	111	119
2	15	119
2	16	25
3	16	25	29
4	16	25	29	73
4	16	25	29	77
3	16	25	57
4	16	25	57	61
4	16	25	57	73
3	16	25	61
4	16	25	61	77
3	16	25	73
3	16	25	77
2	16	27
3	16	27	31
4	16	27	31	75
4	16	27	31	79
3	16	27	57
4	16	27	57	61
4	16	27	57	75
3	16	27	61
4	16	27	61	79
3	16	27	75
3	16	27	79
2	16	29
3	16	29	59
4	16	29	59	63
4	16	29	59	73
3	16	29	63
4	16	29	63	77
3	16	29	73
3	16	29	77
2	16	31
3	16	31	59
4	16	31	59	63
4	16	31	59	75
3	16	31	63
4	16	31	63	79
3	16	31	75
3	16	31	79
2	16	57
3	16	57	61
3	16	57	73
4	16	57	73	75
3	16	57	75
2	16	59
3	16	59	63
3	16	59	73
4	16	59	73	75
3	16	59	75
2	16	61
3	16	61	77
4	16	61	77	79
3	16	61	79
2	16	63
3	16	63	77
4	16	63	77	79
3	16	63	79
2	16	73
3	16	73	75
2	16	75
2	16	77
3	16	77	79
2	16	79
2	17	24
3	17	24	28
4	17	24	28	72
4	17	24	28	76
3	17	24	56
4	17	24	56	60
4	17	24	56	72
3	17	24	60
4	17	24	60	76
3	17	24	72
3	17	24	76
2	17	26
3	17	26	30
4	17	26	30	74
4	17	26	30	78
3	17	26	56
4	17	26	56	60
4	17	26	56	74
3	17	26	60
4	17	26	60	78
3	17	26	74
3	17	26	78
2	17	28
3	17	28	58
4	17	28	58	62
4	17	28	58	72
3	17	28	62
4	17	28	62	76
3	17	28	72
3	17	28	76
2	17	30
3	17	30	58
4	17	30	58	62
4	17	30	58	74
3	17	30	62
4	17	30	62	78
3	17	30	74
3	17	30	78
2	17	56
3	17	56	60
3	17	56	72
4	17	56	72	74
3	17	56	74
2	17	58
3	17	58	62
3	17	58	72
4	17	58	72	74
3	17	58	74
2	17	60
3	17	60	76
4	17	60	76	78
3	17	60	78
2	17	62
3	17	62	76
4	17	62	76	78
3	17	62	78
2	17	72
3	17	72	74
2	17	74
2	17	76
3	17	76	78
2	17	78
2	18	34
3	18	34	35
4	18	34	35	81
4	18	34	35	85
3	18	34	50
4	18	34	50	54
4	18	34	50	81
3	18	34	54
4	18	34	54	85
3	18	34	81
3	18	34	85
2	18	35
3	18	35	51
4	18	35	51	55
4	18	35	51	81
3	18	35	55
4	18	35	55	85
3	18	35	81
3	18	35	85
2	18	38
3	18	38	39
4	18	38	39	83
4	18	38	39	87
3	18	38	50
4	18	38	50	54
4	18	38	50	83
3	18	38	54
4	18	38	54	87
3	18	38	83
3	18	38	87
2	18	39
3	18	39	51
4	18	39	51	55
4	18	39	51	83
3	18	39	55
4	18	39	55	87
3	18	39	83
3	18	39	87
2	18	50
3	18	50	54
3	18	50	81
4	18	50	81	83
3	18	50	83
2	18	51
3	18	51	55
3	18	51	81
4	18	51	81	83
3	18	51	83
2	18	54
3	18	54	85
4	18	54	85	87
3	18	54	87
2	18	55
3	18	55	85
4	18	55	85	87
3	18	55	87
2	18	81
3	18	81	83
2	18	83
2	18	85
3	18	85	87
2	18	87
2	19	32
3	19	32	33
4	19	32	33	80
4	19	32	33	84
3	19	32	48
4	19	32	48	52
4	19	32	48	80
3	19	32	52
4	19	32	52	84
3	19	32	80
3	19	32	84
2	19	33
3	19	33	49
4	19	33	49	53
4	19	33	49	80
3	19	33	53
4	19	33	53	84
3	19	33	80
3	19	33	84
2	19	36
3	19	36	37
4	19	36	37	82
4	19	36	37	86
3	19	36	48
4	19	36	48	52
4	19	36	48	82
3	19	36	52
4	19	36	52	86
3	19	36	82
3	19	36	86
2	19	37
3	19	37	49
4	19	37	49	53
4	19	37	49	82
3	19	37	53
4	19	37	53	86
3	19	37	82
3	19	37	86
2	19	48
3	19	48	52
3	19	48	80
4	19	48	80	82
3	19	48	82
2	19	49
3	19	49	53
3	19	49	80
4	19	49	80	82
3	19	49	82
2	19	52
3	19	52	84
4	19	52	84	86
3	19	52	86
2	19	53
3	19	53	84
4	19	53	84	86
3	19	53	86
2	19	80
3	19	80	82
2	19	82
2	19	84
3	19	84	86
2	19	86
2	20	44
3	20	44	46
4	20	44	46	90
4	20	44	46	94
3	20	44	66
4	20	44	66	70
4	20	44	66	90
3	20	44	70
4	20	44	70	94
3	20	44	90
3	20	44	94
2	20	45
3	20	45	47
4	20	45	47	91
4	20	45	47	95
3	20	45	66
4	20	45	66	70
4	20	45	66	91
3	20	45	70
4	20	45	70	95
3	20	45	91
3	20	45	95
2	20	46
3	20	46	67
4	20	46	67	71
4	20	46	67	90
3	20	46	71
4	20	46	71	94
3	20	46	90
3	20	46	94
2	20	47
3	20	47	67
4	20	47	67	71
4	20	47	67	91
3	20	47	71
4	20	47	71	95
3	20	47	91
3	20	47	95
2	20	66
3	20	66	70
3	20	66	90
4	20	66	90	91
3	20	66	91
2	20	67
3	20	67	71
3	20	67	90
4	20	67	90	91
3	20	67	91
2	20	70
3	20	70	94
4	20	70	94	95
3	20	70	95
2	20	71
3	20	71	94
4	20	71	94	95
3	20	71	95
2	20	90
3	20	90	91
2	20	91
2	20	94
3	20	94	95
2	20	95
2	21	40
3	21	40	42
4	21	40	42	88
4	21	40	42	92
3	21	40	64
4	21	40	64	68
4	21	40	64	88
3	21	40	68
4	21	40	68	92
3	21	40	88
3	21	40	92
2	21	41
3	21	41	43
4	21	41	43	89
4	21	41	43	93
3	21	41	64
4	21	41	64	68
4	21	41	64	89
3	21	41	68
4	21	41	68	93
3	21	41	89
3	21	41	93
2	21	42
3	21	42	65
4	21	42	65	69
4	21	42	65	88
3	21	42	69
4	21	42	69	92
3	21	42	88
3	21	42	92
2	21	43
3	21	43	65
4	21	43	65	69
4	21	43	65	89
3	21	43	69
4	21	43	69	93
3	21	43	89
3	21	43	93
2	21	64
3	21	64	68
3	21	64	88
4	21	64	88	89
3	21	64	89
2	21	65
3	21	65	69
3	21	65	88
4	21	65	88	89
3	21	65	89
2	21	68
3	21	68	92
4	21	68	92	93
3	21	68	93
2	21	69
3	21	69	92
4	21	69	92	93
3	21	69	93
2	21	88
3	21	88	89
2	21	89
2	21	92
3	21	92	93
2	21	93
2	22	100
3	22	100	101
4	22	100	101	116
4	22	100	101	118
3	22	100	108
4	22	100	108	110
4	22	100	108	116
3	22	100	110
4	22	100	110	118
3	22	100	116
3	22	100	118
2	22	101
3	22	101	109
4	22	101	109	111
4	22	101	109	116
3	22	101	111
4	22	101	111	118
3	22	101	116
3	22	101	118
2	22	102
3	22	102	103
4	22	102	103	117
4	22	102	103	119
3	22	102	108
4	22	102	108	110
4	22	102	108	117
3	22	102	110
4	22	102	110	119
3	22	102	117
3	22	102	119
2	22	103
3	22	103	109
4	22	103	109	111
4	22	103	109	117
3	22	103	111
4	22	103	111	119
3	22	103	117
3	22	103	119
2	22	108
3	22	108	110
3	22	108	116
4	22	108	116	117
3	22	108	117
2	22	109
3	22	109	111
3	22	109	116
4	22	109	116	117
3	22	109	117
2	22	110
3	22	110	118
4	22	110	118	119
3	22	110	119
2	22	111
3	22	111	118
4	22	111	118	119
3	22	111	119
2	22	116
3	22	116	117
2	22	117
2	22	118
3	22	118	119
2	22	119
2	23	96
3	23	96	97
4	23	96	97	112
4	23	96	97	114
3	23	96	104
4	23	96	104	106
4	23	96	104	112
3	23	96	106
4	23	96	106	114
3	23	96	112
3	23	96	114
2	23	97
3	23	97	105
4	23	97	105	107
4	23	97	105	112
3	23	97	107
4	23	97	107	114
3	23	97	112
3	23	97	114
2	23	98
3	23	98	99
4	23	98	99	113
4	23	98	99	115
3	23	98	104
4	23	98	104	106
4	23	98	104	113
3	23	98	106
4	23	98	106	115
3	23	98	113
3	23	98	115
2	23	99
3	23	99	105
4	23	99	105	107
4	23	99	105	113
3	23	99	107
4	23	99	107	115
3	23	99	113
3	23	99	115
2	23	104
3	23	104	106
3	23	104	112
4	23	104	112	113
3	23	104	113
2	23	105
3	23	105	107
3	23	105	112
4	23	105	112	113
3	23	105	113
2	23	106
3	23	106	114
4	23	106	114	115
3	23	106	115
2	23	107
3	23	107	114
4	23	107	114	115
3	23	107	115
2	23	112
3	23	112	113
2	23	113
2	23	114
3	23	114	115
2	23	115
2	24	28
3	24	28	48
4	24	28	48	52
4	24	28	48	72
3	24	28	52
4	24	28	52	76
3	24	28	72
3	24	28	76
2	24	32
3	24	32	40
3	24	32	48
4	24	32	48	52
3	24	32	52
2	24	40
3	24	40	56
4	24	40	56	60
3	24	40	60
2	24	48
3	24	48	52
3	24	48	72
2	24	52
3	24	52	76
2	24	56
3	24	56	60
3	24	56	72
2	24	60
3	24	60	76
2	24	72
2	24	76
2	25	29
3	25	29	49
4	25	29	49	53
4	25	29	49	73
3	25	29	53
4	25	29	53	77
3	25	29	73
3	25	29	77
2	25	33
3	25	33	41
3	25	33	49
4	25	33	49	53
3	25	33	53
2	25	41
3	25	41	57
4	25	41	57	61
3	25	41	61
2	25	49
3	25	49	53
3	25	49	73
2	25	53
3	25	53	77
2	25	57
3	25	57	61
3	25	57	73
2	25	61
3	25	61	77
2	25	73
2	25	77
2	26	30
3	26	30	50
4	26	30	50	54
4	26	30	50	74
3	26	30	54
4	26	30	54	78
3	26	30	74
3	26	30	78
2	26	34
3	26	34	42
3	26	34	50
4	26	34	50	54
3	26	34	54
2	26	42
3	26	42	56
4	26	42	56	60
3	26	42	60
2	26	50
3	26	50	54
3	26	50	74
2	26	54
3	26	54	78
2	26	56
3	26	56	60
3	26	56	74
2	26	60
3	26	60	78
2	26	74
2	26	78
2	27	31
3	27	31	51
4	27	31	51	55
4	27	31	51	75
3	27	31	55
4	27	31	55	79
3	27	31	75
3	27	31	79
2	27	35
3	27	35	43
3	27	35	51
4	27	35	51	55
3	27	35	55
2	27	43
3	27	43	57
4	27	43	57	61
3	27	43	61
2	27	51
3	27	51	55
3	27	51	75
2	27	55
3	27	55	79
2	27	57
3	27	57	61
3	27	57	75
2	27	61
3	27	61	79
2	27	75
2	27	79
2	28	36
3	28	36	44
3	28	36	48
4	28	36	48	52
3	28	36	52
2	28	44
3	28	44	58
4	28	44	58	62
3	28	44	62
2	28	48
3	28	48	52
3	28	48	72
2	28	52
3	28	52	76
2	28	58
3	28	58	62
3	28	58	72
2	28	62
3	28	62	76
2	28	72
2	28	76
2	29	37
3	29	37	45
3	29	37	49
4	29	37	49	53
3	29	37	53
2	29	45
3	29	45	59
4	29	45	59	63
3	29	45	63
2	29	49
3	29	49	53
3	29	49	73
2	29	53
3	29	53	77
2	29	59
3	29	59	63
3	29	59	73
2	29	63
3	29	63	77
2	29	73
2	29	77
2	30	38
3	30	38	46
3	30	38	50
4	30	38	50	54
3	30	38	54
2	30	46
3	30	46	58
4	30	46	58	62
3	30	46	62
2	30	50
3	30	50	54
3	30	50	74
2	30	54
3	30	54	78
2	30	58
3	30	58	62
3	30	58	74
2	30	62
3	30	62	78
2	30	74
2	30	78
2	31	39
3	31	39	47
3	31	39	51
4	31	39	51	55
3	31	39	55
2	31	47
3	31	47	59
4	31	47	59	63
3	31	47	63
2	31	51
3	31	51	55
3	31	51	75
2	31	55
3	31	55	79
2	31	59
3	31	59	63
3	31	59	75
2	31	63
3	31	63	79
2	31	75
2	31	79
2	32	33
3	32	33	64
4	32	33	64	68
4	32	33	64	80
3	32	33	68
4	32	33	68	84
3	32	33	80
3	32	33	84
2	32	40
3	32	40	64
4	32	40	64	68
3	32	40	68
2	32	48
3	32	48	52
3	32	48	80
2	32	52
3	32	52	84
2	32	64
3	32	64	68
3	32	64	80
2	32	68
3	32	68	84
2	32	80
2	32	84
2	33	41
3	33	41	64
4	33	41	64	68
3	33	41	68
2	33	49
3	33	49	53
3	33	49	80
2	33	53
3	33	53	84
2	33	64
3	33	64	68
3	33	64	80
2	33	68
3	33	68	84
2	33	80
2	33	84
2	34	35
3	34	35	65
4	34	35	65	69
4	34	35	65	81
3	34	35	69
4	34	35	69	85
3	34	35	81
3	34	35	85
2	34	42
3	34	42	65
4	34	42	65	69
3	34	42	69
2	34	50
3	34	50	54
3	34	50	81
2	34	54
3	34	54	85
2	34	65
3	34	65	69
3	34	65	81
2	34	69
3	34	69	85
2	34	81
2	34	85
2	35	43
3	35	43	65
4	35	43	65	69
3	35	43	69
2	35	51
3	35	51	55
3	35	51	81
2	35	55
3	35	55	85
2	35	65
3	35	65	69
3	35	65	81
2	35	69
3	35	69	85
2	35	81
2	35	85
2	36	37
3	36	37	66
4	36	37	66	70
4	36	37	66	82
3	36	37	70
4	36	37	70	86
3	36	37	82
3	36	37	86
2	36	44
3	36	44	66
4	36	44	66	70
3	36	44	70
2	36	48
3	36	48	52
3	36	48	82
2	36	52
3	36	52	86
2	36	66
3	36	66	70
3	36	66	82
2	36	70
3	36	70	86
2	36	82
2	36	86
2	37	45
3	37	45	66
4	37	45	66	70
3	37	45	70
2	37	49
3	37	49	53
3	37	49	82
2	37	53
3	37	53	86
2	37	66
3	37	66	70
3	37	66	82
2	37	70
3	37	70	86
2	37	82
2	37	86
2	38	39
3	38	39	67
4	38	39	67	71
4	38	39	67	83
3	38	39	71
4	38	39	71	87
3	38	39	83
3	38	39	87
2	38	46
3	38	46	67
4	38	46	67	71
3	38	46	71
2	38	50
3	38	50	54
3	38	50	83
2	38	54
3	38	54	87
2	38	67
3	38	67	71
3	38	67	83
2	38	71
3	38	71	87
2	38	83
2	38	87
2	39	47
3	39	47	67
4	39	47	67	71
3	39	47	71
2	39	51
3	39	51	55
3	39	51	83
2	39	55
3	39	55	87
2	39	67
3	39	67	71
3	39	67	83
2	39	71
3	39	71	87
2	39	83
2	39	87
2	40	42
3	40	42	56
4	40	42	56	60
4	40	42	56	88
3	40	42	60
4	40	42	60	92
3	40	42	88
3	40	42	92
2	40	56
3	40	56	60
3	40	56	88
2	40	60
3	40	60	92
2	40	64
3	40	64	68
3	40	64	88
2	40	68
3	40	68	92
2	40	88
2	40	92
2	41	43
3	41	43	57
4	41	43	57	61
4	41	43	57	89
3	41	43	61
4	41	43	61	93
3	41	43	89
3	41	43	93
2	41	57
3	41	57	61
3	41	57	89
2	41	61
3	41	61	93
2	41	64
3	41	64	68
3	41	64	89
2	41	68
3	41	68	93
2	41	89
2	41	93
2	42	56
3	42	56	60
3	42	56	88
2	42	60
3	42	60	92
2	42	65
3	42	65	69
3	42	65	88
2	42	69
3	42	69	92
2	42	88
2	42	92
2	43	57
3	43	57	61
3	43	57	89
2	43	61
3	43	61	93
2	43	65
3	43	65	69
3	43	65	89
2	43	69
3	43	69	93
2	43	89
2	43	93
2	44	46
3	44	46	58
4	44	46	58	62
4	44	46	58	90
3	44	46	62
4	44	46	62	94
3	44	46	90
3	44	46	94
2	44	58
3	44	58	62
3	44	58	90
2	44	62
3	44	62	94
2	44	66
3	44	66	70
3	44	66	90
2	44	70
3	44	70	94
2	44	90
2	44	94
2	45	47
3	45	47	59
4	45	47	59	63
4	45	47	59	91
3	45	47	63
4	45	47	63	95
3	45	47	91
3	45	47	95
2	45	59
3	45	59	63
3	45	59	91
2	45	63
3	45	63	95
2	45	66
3	45	66	70
3	45	66	91
2	45	70
3	45	70	95
2	45	91
2	45	95
2	46	58
3	46	58	62
3	46	58	90
2	46	62
3	46	62	94
2	46	67
3	46	67	71
3	46	67	90
2	46	71
3	46	71	94
2	46	90
2	46	94
2	47	59
3	47	59	63
3	47	59	91
2	47	63
3	47	63	95
2	47	67
3	47	67	71
3	47	67	91
2	47	71
3	47	71	95
2	47	91
2	47	95
2	48	52
2	48	72
3	48	72	96
2	48	80
3	48	80	82
4	48	80	82	96
3	48	80	96
2	48	82
3	48	82	96
2	48	96
2	49	53
2	49	73
3	49	73	97
2	49	80
3	49	80	82
4	49	80	82	97
3	49	80	97
2	49	82
3	49	82	97
2	49	97
2	50	54
2	50	74
3	50	74	98
2	50	81
3	50	81	83
4	50	81	83	98
3	50	81	98
2	50	83
3	50	83	98
2	50	98
2	51	55
2	51	75
3	51	75	99
2	51	81
3	51	81	83
4	51	81	83	99
3	51	81	99
2	51	83
3	51	83	99
2	51	99
2	52	76
3	52	76	100
2	52	84
3	52	84	86
4	52	84	86	100
3	52	84	100
2	52	86
3	52	86	100
2	52	100
2	53	77
3	53	77	101
2	53	84
3	53	84	86
4	53	84	86	101
3	53	84	101
2	53	86
3	53	86	101
2	53	101
2	54	78
3	54	78	102
2	54	85
3	54	85	87
4	54	85	87	102
3	54	85	102
2	54	87
3	54	87	102
2	54	102
2	55	79
3	55	79	103
2	55	85
3	55	85	87
4	55	85	87	103
3	55	85	103
2	55	87
3	55	87	103
2	55	103
2	56	60
2	56	72
3	56	72	74
4	56	72	74	104
3	56	72	104
2	56	74
3	56	74	104
2	56	88
3	56	88	104
2	56	104
2	57	61
2	57	73
3	57	73	75
4	57	73	75	105
3	57	73	105
2	57	75
3	57	75	105
2	57	89
3	57	89	105
2	57	105
2	58	62
2	58	72
3	58	72	74
4	58	72	74	106
3	58	72	106
2	58	74
3	58	74	106
2	58	90
3	58	90	106
2	58	106
2	59	63
2	59	73
3	59	73	75
4	59	73	75	107
3	59	73	107
2	59	75
3	59	75	107
2	59	91
3	59	91	107
2	59	107
2	60	76
3	60	76	78
4	60	76	78	108
3	60	76	108
2	60	78
3	60	78	108
2	60	92
3	60	92	108
2	60	108
2	61	77
3	61	77	79
4	61	77	79	109
3	61	77	109
2	61	79
3	61	79	109
2	61	93
3	61	93	109
2	61	109
2	62	76
3	62	76	78
4	62	76	78	110
3	62	76	110
2	62	78
3	62	78	110
2	62	94
3	62	94	110
2	62	110
2	63	77
3	63	77	79
4	63	77	79	111
3	63	77	111
2	63	79
3	63	79	111
2	63	95
3	63	95	111
2	63	111
2	64	68
2	64	80
3	64	80	112
2	64	88
3	64	88	89
4	64	88	89	112
3	64	88	112
2	64	89
3	64	89	112
2	64	112
2	65	69
2	65	81
3	65	81	113
2	65	88
3	65	88	89
4	65	88	89	113
3	65	88	113
2	65	89
3	65	89	113
2	65	113
2	66	70
2	66	82
3	66	82	114
2	66	90
3	66	90	91
4	66	90	91	114
3	66	90	114
2	66	91
3	66	91	114
2	66	114
2	67	71
2	67	83
3	67	83	115
2	67	90
3	67	90	91
4	67	90	91	115
3	67	90	115
2	67	91
3	67	91	115
2	67	115
2	68	84
3	68	84	116
2	68	92
3	68	92	93
4	68	92	93	116
3	68	92	116
2	68	93
3	68	93	116
2	68	116
2	69	85
3	69	85	117
2	69	92
3	69	92	93
4	69	92	93	117
3	69	92	117
2	69	93
3	69	93	117
2	69	117
2	70	86
3	70	86	118
2	70	94
3	70	94	95
4	70	94	95	118
3	70	94	118
2	70	95
3	70	95	118
2	70	118
2	71	87
3	71	87	119
2	71	94
3	71	94	95
4	71	94	95	119
3	71	94	119
2	71	95
3	71	95	119
2	71	119
2	72	74
3	72	74	104
4	72	74	104	106
3	72	74	106
2	72	96
3	72	96	104
4	72	96	104	106
3	72	96	106
2	72	104
3	72	104	106
2	72	106
2	73	75
3	73	75	105
4	73	75	105	107
3	73	75	107
2	73	97
3	73	97	105
4	73	97	105	107
3	73	97	107
2	73	105
3	73	105	107
2	73	107
2	74	98
3	74	98	104
4	74	98	104	106
3	74	98	106
2	74	104
3	74	104	106
2	74	106
2	75	99
3	75	99	105
4	75	99	105	107
3	75	99	107
2	75	105
3	75	105	107
2	75	107
2	76	78
3	76	78	108
4	76	78	108	110
3	76	78	110
2	76	100
3	76	100	108
4	76	100	108	110
3	76	100	110
2	76	108
3	76	108	110
2	76	110
2	77	79
3	77	79	109
4	77	79	109	111
3	77	79	111
2	77	101
3	77	101	109
4	77	101	109	111
3	77	101	111
2	77	109
3	77	109	111
2	77	111
2	78	102
3	78	102	108
4	78	102	108	110
3	78	102	110
2	78	108
3	78	108	110
2	78	110
2	79	103
3	79	103	109
4	79	103	109	111
3	79	103	111
2	79	109
3	79	109	111
2	79	111
2	80	82
3	80	82	96
4	80	82	96	97
3	80	82	97
2	80	96
3	80	96	97
4	80	96	97	112
3	80	96	112
2	80	97
3	80	97	112
2	80	112
2	81	83
3	81	83	98
4	81	83	98	99
3	81	83	99
2	81	98
3	81	98	99
4	81	98	99	113
3	81	98	113
2	81	99
3	81	99	113
2	81	113
2	82	96
3	82	96	97
4	82	96	97	114
3	82	96	114
2	82	97
3	82	97	114
2	82	114
2	83	98
3	83	98	99
4	83	98	99	115
3	83	98	115
2	83	99
3	83	99	115
2	83	115
2	84	86
3	84	86	100
4	84	86	100	101
3	84	86	101
2	84	100
3	84	100	101
4	84	100	101	116
3	84	100	116
2	84	101
3	84	101	116
2	84	116
2	85	87
3	85	87	102
4	85	87	102	103
3	85	87	103
2	85	102
3	85	102	103
4	85	102	103	117
3	85	102	117
2	85	103
3	85	103	117
2	85	117
2	86	100
3	86	100	101
4	86	100	101	118
3	86	100	118
2	86	101
3	86	101	118
2	86	118
2	87	102
3	87	102	103
4	87	102	103	119
3	87	102	119
2	87	103
3	87	103	119
2	87	119
2	88	89
3	88	89	112
4	88	89	112	113
3	88	89	113
2	88	104
3	88	104	112
4	88	104	112	113
3	88	104	113
2	88	112
3	88	112	113
2	88	113
2	89	105
3	89	105	112
4	89	105	112	113
3	89	105	113
2	89	112
3	89	112	113
2	89	113
2	90	91
3	90	91	114
4	90	91	114	115
3	90	91	115
2	90	106
3	90	106	114
4	90	106	114	115
3	90	106	115
2	90	114
3	90	114	115
2	90	115
2	91	107
3	91	107	114
4	91	107	114	115
3	91	107	115
2	91	114
3	91	114	115
2	91	115
2	92	93
3	92	93	116
4	92	93	116	117
3	92	93	117
2	92	108
3	92	108	116
4	92	108	116	117
3	92	108	117
2	92	116
3	92	116	117
2	92	117
2	93	109
3	93	109	116
4	93	109	116	117
3	93	109	117
2	93	116
3	93	116	117
2	93	117
2	94	95
3	94	95	118
4	94	95	118	119
3	94	95	119
2	94	110
3	94	110	118
4	94	110	118	119
3	94	110	119
2	94	118
3	94	118	119
2	94	119
2	95	111
3	95	111	118
4	95	111	118	119
3	95	111	119
2	95	118
3	95	118	119
2	95	119
2	96	97
3	96	97	112
3	96	97	114
2	96	104
3	96	104	106
3	96	104	112
2	96	106
3	96	106	114
2	96	112
2	96	114
2	97	105
3	97	105	107
3	97	105	112
2	97	107
3	97	107	114
2	97	112
2	97	114
2	98	99
3	98	99	113
3	98	99	115
2	98	104
3	98	104	106
3	98	104	113
2	98	106
3	98	106	115
2	98	113
2	98	115
2	99	105
3	99	105	107
3	99	105	113
2	99	107
3	99	107	115
2	99	113
2	99	115
2	100	101
3	100	101	116
3	100	101	118
2	100	108
3	100	108	110
3	100	108	116
2	100	110
3	100	110	118
2	100	116
2	100	118
2	101	109
3	101	109	111
3	101	109	116
2	101	111
3	101	111	118
2	101	116
2	101	118
2	102	103
3	102	103	117
3	102	103	119
2	102	108
3	102	108	110
3	102	108	117
2	102	110
3	102	110	119
2	102	117
2	102	119
2	103	109
3	103	109	111
3	103	109	117
2	103	111
3	103	111	119
2	103	117
2	103	119
2	104	106
2	104	112
3	104	112	113
2	104	113
2	105	107
2	105	112
3	105	112	113
2	105	113
2	106	114
3	106	114	115
2	106	115
2	107	114
3	107	114	115
2	107	115
2	108	110
2	108	116
3	108	116	117
2	108	117
2	109	111
2	109	116
3	109	116	117
2	109	117
2	110	118
3	110	118	119
2	110	119
2	111	118
3	111	118	119
2	111	119
2	112	113
2	114	115
2	116	117
2	118	119