20	8
0.234311	0.179594	0.246751	-0.942939	0.201045	0.510197	0.335323	-0.124229	-0.0346565	-0.0814555	-0.0154684	-0.180705	0.239281	0.0949207	-0.887104	-0.285875	0.234832	-0.364423	0.603239	-0.0630145
0.824881	-0.00375861	0.738215	-0.424844	0.91567	-0.0148569	0.0492674	0.341421	-0.420442	0.0122369	-0.0547074	0.0430169	0.00454578	0.118185	-0.102028	0.436644	0.470429	0.0128067	-0.0189435	0.122685
-0.440366	-0.220259	-0.255223	-0.444927	-0.253335	0.318479	-0.242241	-0.670865	0.679774	-0.495188	0.000626085	0.345169	0.388336	-0.208296	-0.616237	-0.189643	0.244763	0.374141	0.241255	0.358343
0.150204	-0.403611	0.23624	0.0731684	0.46129	-0.206576	-0.528296	-0.205215	0.293989	-0.401496	-0.0386129	0.56889	0.1536	-0.185032	0.168839	0.532876	0.48036	0.751371	-0.380927	0.544042
-0.150204	0.403611	-0.23624	-0.0731684	-0.46129	0.206576	0.528296	0.205215	-0.293989	0.401496	0.0386129	-0.56889	-0.1536	0.185032	-0.168839	-0.532876	-0.48036	-0.751371	0.380927	-0.544042
0.440366	0.220259	0.255223	0.444927	0.253335	-0.318479	0.242241	0.670865	-0.679774	0.495188	-0.000626085	-0.345169	-0.388336	0.208296	0.616237	0.189643	-0.244763	-0.374141	-0.241255	-0.358343
-0.824881	0.00375861	-0.738215	0.424844	-0.91567	0.0148569	-0.0492674	-0.341421	0.420442	-0.0122369	0.0547074	-0.0430169	-0.00454578	-0.118185	0.102028	-0.436644	-0.470429	-0.0128067	0.0189435	-0.122685
-0.234311	-0.179594	-0.246751	0.942939	-0.201045	-0.510197	-0.335323	0.124229	0.0346565	0.0814555	0.0154684	0.180705	-0.239281	-0.0949207	0.887104	0.285875	-0.234832	0.364423	-0.603239	0.0630145
44
2	0	1
2	0	2
2	0	4
2	1	3
2	1	5
2	2	3
2	2	6
2	3	7
2	4	5
2	4	6
2	5	7
2	6	7
3	0	1	2
3	0	1	4
3	0	2	4
3	1	0	3
3	1	0	5
3	1	3	5
3	2	3	0
3	2	3	6
3	2	0	6
3	3	2	1
3	3	2	7
3	3	1	7
3	4	5	6
3	4	5	0
3	4	6	0
3	5	4	7
3	5	4	1
3	5	7	1
3	6	7	4
3	6	7	2
3	6	4	2
3	7	6	5
3	7	6	3
3	7	5	3
4	0	1	2	4
4	1	0	3	5
4	2	3	0	6
4	3	2	1	7
4	4	5	6	0
4	5	4	7	1
4	6	7	4	2
4	7	6	5	3