10	8
0.0993631	0.204596	0.275997	-0.853832	-1.16201	-0.27463	0.417412	-0.39651	0.488339	0.0324084
0.907721	-0.0463722	0.9487	-0.144676	-0.183852	-0.993311	0.0258661	0.24086	-0.0397156	0.160652
-0.115921	0.587004	-0.204621	-0.956639	-0.180529	0.942568	0.844795	0.0426408	-0.337424	0.284563
0.692437	0.336035	0.468083	-0.247483	0.797632	0.223886	0.453249	0.680011	-0.865478	0.412807
-0.692437	-0.336035	-0.468083	0.247483	-0.797632	-0.223886	-0.453249	-0.680011	0.865478	-0.412807
0.115921	-0.587004	0.204621	0.956639	0.180529	-0.942568	-0.844795	-0.0426408	0.337424	-0.284563
-0.907721	0.0463722	-0.9487	0.144676	0.183852	0.993311	-0.0258661	-0.24086	0.0397156	-0.160652
-0.0993631	-0.204596	-0.275997	0.853832	1.16201	0.27463	-0.417412	0.39651	-0.488339	-0.0324084
44
2	0	1
2	0	2
2	0	4
2	1	3
2	1	5
2	2	3
2	2	6
2	3	7
2	4	5
2	4	6
2	5	7
2	6	7
3	0	1	2
3	0	1	4
3	0	2	4
3	1	0	3
3	1	0	5
3	1	3	5
3	2	3	0
3	2	3	6
3	2	0	6
3	3	2	1
3	3	2	7
3	3	1	7
3	4	5	6
3	4	5	0
3	4	6	0
3	5	4	7
3	5	4	1
3	5	7	1
3	6	7	4
3	6	7	2
3	6	4	2
3	7	6	5
3	7	6	3
3	7	5	3
4	0	1	2	4
4	1	0	3	5
4	2	3	0	6
4	3	2	1	7
4	4	5	6	0
4	5	4	7	1
4	6	7	4	2
4	7	6	5	3