20	35
-3.56564	-1.88725	-2.75137	2.92495	-2.60307	-1.1104	-2.79133	-2.56846	3.44249	-1.82719	0.107513	2.43527	0.548831	-1.47103	1.71347	0.357659	-0.307941	3.49935	-1.92107	1.86627
-4.36739	-1.02902	-3.47805	1.1317	-3.93525	0.39395	-1.49863	-3.18595	3.69252	-1.64769	0.189516	1.3501	0.986616	-1.22597	-0.520087	-1.54487	-0.906865	1.81771	-0.00363358	0.980668
-1.41454	-1.94578	-1.02074	3.72217	-0.362127	-2.23132	-2.92891	-0.8577	1.76359	-1.17922	-0.00667882	2.4687	-0.187063	-1.10965	3.40529	2.06773	0.271121	3.70386	-3.11454	1.90916
-3.20517	-0.832853	-2.48885	0.457846	-2.79239	0.474952	-1.16058	-2.57121	2.91486	-1.42858	0.126761	1.13018	0.916634	-0.956179	-0.75755	-1.15634	-0.441401	1.46123	0.158415	0.892674
-0.842891	-1.56626	-0.522997	2.53023	0.0661082	-1.62526	-2.3048	-0.70861	1.37172	-1.05381	-0.0301945	2.02506	-0.0223083	-0.863123	2.38275	1.73373	0.500987	2.97015	-2.33031	1.63547
-1.98198	-0.907955	-1.50067	0.985982	-1.49326	-0.21677	-1.30088	-1.59942	1.97897	-1.08118	0.0598557	1.20282	0.490004	-0.769674	0.284631	-0.12068	-0.092971	1.6578	-0.593867	0.960544
-1.39141	-1.09131	-1.00921	1.50408	-0.778638	-0.741824	-1.58694	-1.13377	1.59318	-0.987486	0.0206167	1.42654	0.255268	-0.74641	1.06971	0.60184	0.142626	2.03503	-1.21605	1.14624
-3.31332	-0.137639	-2.71984	-0.123376	-3.3838	1.03991	-0.200475	-2.3255	2.45655	-0.867067	0.176947	0.18649	0.805875	-0.631171	-1.45436	-2.09859	-1.04453	0.151965	1.03142	0.0451037
-2.33824	-0.545009	-1.74538	-0.475052	-2.00684	0.818482	-0.679504	-2.18929	2.3301	-1.25633	0.0836263	0.798397	0.964021	-0.698018	-1.38755	-1.12907	-0.0937363	0.916143	0.631554	0.71183
-1.64464	-0.708029	-1.24968	0.736976	-1.26607	-0.12091	-1.0121	-1.3261	1.62175	-0.874312	0.0518085	0.939886	0.415477	-0.618066	0.149197	-0.168796	-0.0979365	1.28851	-0.412875	0.749865
-1.05407	-0.891381	-0.758218	1.25507	-0.551448	-0.645965	-1.29816	-0.860448	1.23597	-0.780619	0.0125695	1.16361	0.180741	-0.594802	0.934273	0.553724	0.137661	1.66574	-1.03506	0.935565
0.0240431	-1.27842	0.220473	1.59733	0.851656	-1.28174	-1.82372	-0.326696	0.786957	-0.881556	-0.0733296	1.69328	0.0250782	-0.604961	1.75275	1.761	0.848652	2.42506	-1.85717	1.45463
0.230098	-1.23775	0.228945	2.9852	0.903945	-2.11041	-1.91681	0.468398	0.141839	-0.304912	-0.0584873	1.52882	-0.602539	-0.491586	3.2561	2.23652	0.369057	2.41534	-2.70167	1.1593
-2.19315	-0.233074	-1.73589	-0.289172	-2.11082	0.76253	-0.294235	-1.75125	1.84322	-0.807984	0.10262	0.341367	0.693053	-0.501354	-1.16385	-1.30069	-0.456298	0.353387	0.701389	0.260638
0.169124	-0.966484	0.229965	1.78321	0.747679	-1.33769	-1.43846	0.111345	0.300075	-0.433214	-0.0543362	1.23625	-0.24589	-0.408297	1.97645	1.58939	0.486091	1.86231	-1.78734	1.00343
-1.26525	-0.2165	-0.993438	-0.0200832	-1.169	0.333335	-0.291509	-1.01229	1.10022	-0.507425	0.0553335	0.302152	0.38379	-0.326481	-0.514208	-0.626287	-0.225666	0.361335	0.260199	0.235658
-0.0841071	-0.583205	-0.0105113	1.01611	0.260244	-0.716773	-0.863619	-0.0809868	0.328645	-0.32004	-0.0231445	0.749595	-0.0856813	-0.279953	1.05594	0.818751	0.245528	1.11579	-0.984165	0.607057
-1.18114	0.366705	-0.982927	-1.03619	-1.42925	1.05011	0.57211	-0.931299	0.771571	-0.187385	0.0784779	-0.447443	0.469471	-0.0465283	-1.57015	-1.44504	-0.471194	-0.75446	1.24436	-0.371398
1.18114	-0.366705	0.982927	1.03619	1.42925	-1.05011	-0.57211	0.931299	-0.771571	0.187385	-0.0784779	0.447443	-0.469471	0.0465283	1.57015	1.44504	0.471194	0.75446	-1.24436	0.371398
-1.62663	0.861992	-1.4649	-1.36841	-2.24785	1.51921	1.24343	-0.958909	0.670475	0.167265	0.13671	-1.12819	0.433239	0.126872	-2.13153	-2.33917	-1.06935	-1.69445	1.93638	-1.00829
1.91679	-0.238122	1.48388	1.74016	2.0399	-1.63111	-0.472897	1.83499	-1.64424	0.729419	-0.0987235	0.214135	-0.975175	0.266457	2.57893	1.99594	0.34423	0.568933	-1.79671	0.105905
0.860035	0.211507	0.859982	-1.84427	0.924987	0.833773	0.479374	-0.0979935	-0.197373	-0.236803	-0.0640766	-0.152502	0.459415	0.178946	-1.56124	-0.14874	0.76626	-0.443494	0.950964	0.0870774
1.4506	0.0281546	1.35145	-1.32618	1.63961	0.308719	0.193319	0.367656	-0.583158	-0.14311	-0.103316	0.0712194	0.22468	0.20221	-0.776161	0.573779	1.00186	-0.0662645	0.328782	0.272777
0.421446	0.783131	0.261499	-1.26511	-0.0330541	0.812632	1.1524	0.354305	-0.685861	0.526907	0.0150972	-1.01253	0.0111541	0.431561	-1.19138	-0.866867	-0.250494	-1.48508	1.16516	-0.817735
1.60258	0.416426	1.24443	-0.228923	1.39619	-0.237476	0.58029	1.2856	-1.45743	0.714292	-0.0633807	-0.565089	-0.458317	0.47809	0.378775	0.578171	0.220701	-0.730617	-0.0792073	-0.446337
1.87895	0.887623	1.49643	-1.67992	1.46712	0.631108	1.34742	1.20187	-1.65641	0.792856	-0.0672769	-1.12059	-0.176195	0.712987	-1.0363	-0.117079	0.332768	-1.65294	1.01611	-0.81288
1.13818	1.47459	0.768729	-2.27118	0.291204	1.36274	2.16177	0.941435	-1.56461	1.10066	0.010575	-1.9132	-0.0950596	0.874755	-1.99022	-1.37247	-0.383189	-2.78154	2.01922	-1.54262
2.21629	1.08755	1.74742	-1.92892	1.69431	0.726967	1.6362	1.47519	-2.01363	0.999723	-0.0753241	-1.38353	-0.250722	0.864595	-1.17173	-0.165195	0.327803	-2.02222	1.19711	-1.02356
2.90989	0.924529	2.24312	-0.716893	2.43508	-0.212425	1.30361	2.33838	-2.72197	1.38174	-0.107142	-1.24204	-0.799267	0.944547	0.365012	0.795083	0.323603	-1.64985	0.152676	-0.985524
0.692687	1.96987	0.286757	-2.6034	-0.527398	1.83184	2.8331	0.913826	-1.66571	1.45531	0.0688074	-2.59395	-0.131292	1.04815	-2.55159	-2.26661	-0.981347	-3.72152	2.71124	-2.17951
2.55363	1.28748	1.99841	-2.17793	1.9215	0.822827	1.92499	1.74851	-2.37084	1.20659	-0.0833714	-1.64646	-0.325249	1.0162	-1.30717	-0.213311	0.322837	-2.3915	1.3781	-1.23424
3.64554	1.05311	2.74407	-0.0129188	3.04572	-0.793431	1.40282	3.24207	-3.59464	1.92377	-0.127388	-1.47535	-1.30497	1.16448	1.37379	1.34599	0.196638	-1.83538	-0.39967	-1.25102
2.89096	1.4874	2.24939	-2.42693	2.14869	0.918686	2.21377	2.02182	-2.72806	1.41346	-0.0914186	-1.9094	-0.399777	1.16781	-1.4426	-0.261427	0.317872	-2.76078	1.55909	-1.44492
2.25322	2.0947	1.52593	-2.32426	0.998919	1.23598	2.98158	2.15894	-2.95882	2.00958	-0.00614559	-2.78424	-0.63245	1.38627	-1.64485	-1.27906	-0.637882	-3.89424	2.13995	-2.32232
3.43436	1.72799	2.50885	-1.28807	2.42817	0.18587	2.40947	3.09024	-3.73039	2.19697	-0.0846235	-2.3368	-1.10192	1.4328	-0.0746947	0.165975	-0.166688	-3.13978	0.895586	-1.95092
82
2	0	1
2	0	2
2	0	3
2	0	4
2	0	5
2	0	6
2	1	3
2	1	7
2	2	4
2	2	12
2	3	7
2	3	8
2	3	9
2	4	10
2	4	11
2	4	12
2	5	9
2	6	10
2	7	8
2	7	13
2	7	19
2	8	9
2	9	13
2	9	15
2	10	11
2	10	14
2	10	16
2	11	12
2	12	14
2	12	20
2	13	17
2	14	18
2	15	17
2	15	21
2	15	23
2	16	18
2	16	22
2	16	24
2	17	19
2	17	23
2	18	20
2	18	24
2	19	26
2	19	29
2	20	28
2	20	31
2	21	22
2	21	23
2	22	24
2	23	24
2	23	25
2	23	26
2	24	25
2	24	28
2	25	26
2	25	27
2	25	28
2	26	27
2	26	29
2	26	30
2	26	32
2	26	33
2	27	28
2	27	30
2	28	30
2	28	31
2	28	32
2	28	34
2	29	33
2	30	32
2	31	34
2	32	33
2	32	34
2	33	34
3	3	7	8
3	3	8	9
3	4	10	11
3	4	11	12
4	7	8	9	13
4	10	11	12	14
4	15	21	22	23
4	16	21	22	24