20	20
0.234311	0.179594	0.246751	-0.942939	0.201045	0.510197	0.335323	-0.124229	-0.0346565	-0.0814555	-0.0154684	-0.180705	0.239281	0.0949207	-0.887104	-0.285875	0.234832	-0.364423	0.603239	-0.0630145
0.824881	-0.00375861	0.738215	-0.424844	0.91567	-0.0148569	0.0492674	0.341421	-0.420442	0.0122369	-0.0547074	0.0430169	0.00454578	0.118185	-0.102028	0.436644	0.470429	0.0128067	-0.0189435	0.122685
-0.440366	-0.220259	-0.255223	-0.444927	-0.253335	0.318479	-0.242241	-0.670865	0.679774	-0.495188	0.000626085	0.345169	0.388336	-0.208296	-0.616237	-0.189643	0.244763	0.374141	0.241255	0.358343
0.150204	-0.403611	0.23624	0.0731684	0.46129	-0.206576	-0.528296	-0.205215	0.293989	-0.401496	-0.0386129	0.56889	0.1536	-0.185032	0.168839	0.532876	0.48036	0.751371	-0.380927	0.544042
-0.150204	0.403611	-0.23624	-0.0731684	-0.46129	0.206576	0.528296	0.205215	-0.293989	0.401496	0.0386129	-0.56889	-0.1536	0.185032	-0.168839	-0.532876	-0.48036	-0.751371	0.380927	-0.544042
0.440366	0.220259	0.255223	0.444927	0.253335	-0.318479	0.242241	0.670865	-0.679774	0.495188	-0.000626085	-0.345169	-0.388336	0.208296	0.616237	0.189643	-0.244763	-0.374141	-0.241255	-0.358343
-0.824881	0.00375861	-0.738215	0.424844	-0.91567	0.0148569	-0.0492674	-0.341421	0.420442	-0.0122369	0.0547074	-0.0430169	-0.00454578	-0.118185	0.102028	-0.436644	-0.470429	-0.0128067	0.0189435	-0.122685
-0.234311	-0.179594	-0.246751	0.942939	-0.201045	-0.510197	-0.335323	0.124229	0.0346565	0.0814555	0.0154684	0.180705	-0.239281	-0.0949207	0.887104	0.285875	-0.234832	0.364423	-0.603239	0.0630145
-0.178129	0.181473	-0.122356	-0.730517	-0.256789	0.517626	0.310689	-0.294939	0.175565	-0.087574	0.0118853	-0.202213	0.237009	0.0358283	-0.83609	-0.504197	-0.000382619	-0.370827	0.61271	-0.124357
0.117155	0.0897969	0.123376	-0.471469	0.100523	0.255099	0.167661	-0.0621143	-0.0173282	-0.0407278	-0.0077342	-0.0903523	0.119641	0.0474603	-0.443552	-0.142938	0.117416	-0.182212	0.301619	-0.0315073
-0.515468	-0.0184532	-0.373343	-0.481511	-0.48398	0.421766	0.021907	-0.568257	0.53278	-0.29444	0.0199325	0.0607237	0.311536	-0.11578	-0.700656	-0.456081	0.00458288	-0.00154428	0.431719	0.0863219
-0.220183	-0.110129	-0.127612	-0.222463	-0.126667	0.159239	-0.121121	-0.335433	0.339887	-0.247594	0.000313042	0.172584	0.194168	-0.104148	-0.308118	-0.0948216	0.122381	0.187071	0.120628	0.179171
-0.370387	0.293482	-0.363852	-0.295632	-0.587957	0.365815	0.407176	-0.130217	0.0458984	0.153902	0.0389259	-0.396306	0.0405678	0.080884	-0.476957	-0.627698	-0.357979	-0.564301	0.501554	-0.364871
-0.0751019	0.201806	-0.11812	-0.0365842	-0.230645	0.103288	0.264148	0.102608	-0.146994	0.200748	0.0193064	-0.284445	-0.0768001	0.0925161	-0.0844195	-0.266438	-0.24018	-0.375686	0.190463	-0.272021
-0.707725	0.0935555	-0.614839	-0.0466258	-0.815147	0.269956	0.118394	-0.403535	0.403114	-0.0529647	0.0469732	-0.133369	0.115095	-0.0707245	-0.341524	-0.579582	-0.353013	-0.195018	0.320563	-0.154192
-0.41244	0.00187931	-0.369107	0.212422	-0.457835	0.00742847	-0.0246337	-0.17071	0.210221	-0.00611845	0.0273537	-0.0215084	-0.00227289	-0.0590924	0.0510142	-0.218322	-0.235214	-0.00640335	0.00947173	-0.0613423
-0.030487	0.135635	0.000509772	-0.600993	-0.0781334	0.386362	0.239175	-0.178527	0.0791182	-0.0641509	0.00207554	-0.146283	0.178325	0.0416443	-0.639821	-0.323567	0.0585167	-0.276519	0.457165	-0.0779321
-0.367825	-0.0642913	-0.250478	-0.351987	-0.305323	0.290503	-0.0496068	-0.451845	0.436334	-0.271017	0.0101228	0.116654	0.252852	-0.109964	-0.504387	-0.275451	0.0634822	0.0927632	0.276173	0.132747
-0.222744	0.247644	-0.240986	-0.166108	-0.409301	0.234551	0.335662	-0.0138047	-0.050548	0.177325	0.0291162	-0.340375	-0.0181162	0.0867	-0.280688	-0.447068	-0.299079	-0.469993	0.346009	-0.318446
-0.560083	0.0477174	-0.491973	0.082898	-0.636491	0.138692	0.0468801	-0.287123	0.306667	-0.0295416	0.0371634	-0.0774388	0.056411	-0.0649084	-0.145255	-0.398952	-0.294114	-0.100711	0.165017	-0.107767
104
2	0	1
2	0	2
2	0	4
2	1	3
2	1	5
2	2	3
2	2	6
2	3	7
2	4	5
2	4	6
2	5	7
2	6	7
3	0	1	2
3	0	1	4
3	0	2	4
3	1	0	3
3	1	0	5
3	1	3	5
3	2	3	0
3	2	3	6
3	2	0	6
3	3	2	1
3	3	2	7
3	3	1	7
3	4	5	6
3	4	5	0
3	4	6	0
3	5	4	7
3	5	4	1
3	5	7	1
3	6	7	4
3	6	7	2
3	6	4	2
3	7	6	5
3	7	6	3
3	7	5	3
4	0	1	2	4
4	1	0	3	5
4	2	3	0	6
4	3	2	1	7
4	4	5	6	0
4	5	4	7	1
4	6	7	4	2
4	7	6	5	3
2	8	9
2	8	10
2	8	12
2	9	11
2	9	13
2	10	11
2	10	14
2	11	15
2	12	13
2	12	14
2	13	15
2	14	15
3	8	9	10
3	8	9	12
3	8	10	12
3	9	8	11
3	9	8	13
3	9	11	13
3	10	11	8
3	10	11	14
3	10	8	14
3	11	10	9
3	11	10	15
3	11	9	15
3	12	13	14
3	12	13	8
3	12	14	8
3	13	12	15
3	13	12	9
3	13	15	9
3	14	15	12
3	14	15	10
3	14	12	10
3	15	14	13
3	15	14	11
3	15	13	11
4	8	9	10	12
4	9	8	11	13
4	10	11	8	14
4	11	10	9	15
4	12	13	14	8
4	13	12	15	9
4	14	15	12	10
4	15	14	13	11
2	16	17
2	17	19
2	19	18
2	18	16
3	16	17	18
3	17	16	19
3	18	16	19
3	19	17	18
2	16	8
2	16	9
2	17	10
2	17	11
2	18	12
2	18	13
2	19	14
2	19	15