10	20
0.0993631	0.204596	0.275997	-0.853832	-1.16201	-0.27463	0.417412	-0.39651	0.488339	0.0324084
0.907721	-0.0463722	0.9487	-0.144676	-0.183852	-0.993311	0.0258661	0.24086	-0.0397156	0.160652
-0.115921	0.587004	-0.204621	-0.956639	-0.180529	0.942568	0.844795	0.0426408	-0.337424	0.284563
0.692437	0.336035	0.468083	-0.247483	0.797632	0.223886	0.453249	0.680011	-0.865478	0.412807
-0.692437	-0.336035	-0.468083	0.247483	-0.797632	-0.223886	-0.453249	-0.680011	0.865478	-0.412807
0.115921	-0.587004	0.204621	0.956639	0.180529	-0.942568	-0.844795	-0.0426408	0.337424	-0.284563
-0.907721	0.0463722	-0.9487	0.144676	0.183852	0.993311	-0.0258661	-0.24086	0.0397156	-0.160652
-0.0993631	-0.204596	-0.275997	0.853832	1.16201	0.27463	-0.417412	0.39651	-0.488339	-0.0324084
-0.354497	0.227782	-0.198354	-0.781494	-1.07009	0.222026	0.404479	-0.51694	0.508196	-0.0479178
0.0496815	0.102298	0.137998	-0.426916	-0.581006	-0.137315	0.208706	-0.198255	0.244169	0.0162042
-0.462139	0.418986	-0.438662	-0.832898	-0.579345	0.830625	0.61817	-0.297365	0.0953152	0.0781593
-0.0579605	0.293502	-0.10231	-0.47832	-0.0902645	0.471284	0.422397	0.0213204	-0.168712	0.142281
-0.750397	-0.0425335	-0.570393	-0.230837	-0.887897	0.247398	-0.0308517	-0.658691	0.696766	-0.270525
-0.346218	-0.168018	-0.234042	0.123741	-0.398816	-0.111943	-0.226624	-0.340005	0.432739	-0.206403
-0.858039	0.14867	-0.810702	-0.282241	-0.397155	0.855997	0.18284	-0.439115	0.283885	-0.144448
-0.45386	0.0231861	-0.47435	0.0723378	0.0919259	0.496656	-0.0129331	-0.12043	0.0198578	-0.0803262
-0.152408	0.16504	-0.0301776	-0.604205	-0.825547	0.0423556	0.306592	-0.357598	0.376183	-0.0158568
-0.26005	0.356244	-0.270486	-0.655609	-0.334805	0.650954	0.520284	-0.138022	-0.0366983	0.11022
-0.548308	-0.105276	-0.402217	-0.0535477	-0.643356	0.0677275	-0.128738	-0.499348	0.564753	-0.238464
-0.65595	0.0859282	-0.642526	-0.104951	-0.152614	0.676326	0.0849533	-0.279773	0.151871	-0.112387
104
2	0	1
2	0	2
2	0	4
2	1	3
2	1	5
2	2	3
2	2	6
2	3	7
2	4	5
2	4	6
2	5	7
2	6	7
3	0	1	2
3	0	1	4
3	0	2	4
3	1	0	3
3	1	0	5
3	1	3	5
3	2	3	0
3	2	3	6
3	2	0	6
3	3	2	1
3	3	2	7
3	3	1	7
3	4	5	6
3	4	5	0
3	4	6	0
3	5	4	7
3	5	4	1
3	5	7	1
3	6	7	4
3	6	7	2
3	6	4	2
3	7	6	5
3	7	6	3
3	7	5	3
4	0	1	2	4
4	1	0	3	5
4	2	3	0	6
4	3	2	1	7
4	4	5	6	0
4	5	4	7	1
4	6	7	4	2
4	7	6	5	3
2	8	9
2	8	10
2	8	12
2	9	11
2	9	13
2	10	11
2	10	14
2	11	15
2	12	13
2	12	14
2	13	15
2	14	15
3	8	9	10
3	8	9	12
3	8	10	12
3	9	8	11
3	9	8	13
3	9	11	13
3	10	11	8
3	10	11	14
3	10	8	14
3	11	10	9
3	11	10	15
3	11	9	15
3	12	13	14
3	12	13	8
3	12	14	8
3	13	12	15
3	13	12	9
3	13	15	9
3	14	15	12
3	14	15	10
3	14	12	10
3	15	14	13
3	15	14	11
3	15	13	11
4	8	9	10	12
4	9	8	11	13
4	10	11	8	14
4	11	10	9	15
4	12	13	14	8
4	13	12	15	9
4	14	15	12	10
4	15	14	13	11
2	16	17
2	17	19
2	19	18
2	18	16
3	16	17	18
3	17	16	19
3	18	16	19
3	19	17	18
2	16	8
2	16	9
2	17	10
2	17	11
2	18	12
2	18	13
2	19	14
2	19	15