10	9
0.404179	-0.125484	0.336352	0.354578	0.489081	-0.359341	-0.195773	0.318685	-0.264027	0.064122
-0.107642	0.191204	-0.240309	-0.0514037	0.490742	0.608599	0.213691	0.219575	-0.412881	0.126077
-0.3959	-0.270316	-0.37204	0.550657	0.18219	0.0253719	-0.43533	-0.14175	0.18857	-0.222608
-0.340383	0.446502	0.00606346	-0.175797	-0.150148	-0.201002	-0.3687	0.596051	0.099394	0.299655
-0.043401	0.0694374	-0.256251	0.600062	-0.4425	-0.168329	0.378434	0.0916112	-0.304096	0.315176
0.179373	-0.00209495	-0.389379	-0.51133	0.237886	-0.241026	-0.260293	-0.361976	-0.436896	-0.224512
-0.111058	0.456475	0.483205	0.185918	0.0469634	0.269738	-0.226002	-0.46661	-0.271766	-0.305976
0.129483	-0.56686	-0.00484601	0.00834594	0.109226	0.560182	-0.0276663	0.403478	0.378633	-0.170743
-0.142675	0.0994316	-0.218602	0.480515	0.48172	0.247097	-0.460819	0.329532	-0.511535	-0.0594043
246
2	0	1
2	0	2
2	0	3
2	0	4
2	0	5
2	0	6
2	0	7
2	0	8
2	1	2
2	1	3
2	1	4
2	1	5
2	1	6
2	1	7
2	1	8
2	2	3
2	2	4
2	2	5
2	2	6
2	2	7
2	2	8
2	3	4
2	3	5
2	3	6
2	3	7
2	3	8
2	4	5
2	4	6
2	4	7
2	4	8
2	5	6
2	5	7
2	5	8
2	6	7
2	6	8
2	7	8
3	0	1	2
3	0	1	3
3	0	1	4
3	0	1	5
3	0	1	6
3	0	1	7
3	0	1	8
3	0	2	3
3	0	2	4
3	0	2	5
3	0	2	6
3	0	2	7
3	0	2	8
3	0	3	4
3	0	3	5
3	0	3	6
3	0	3	7
3	0	3	8
3	0	4	5
3	0	4	6
3	0	4	7
3	0	4	8
3	0	5	6
3	0	5	7
3	0	5	8
3	0	6	7
3	0	6	8
3	0	7	8
3	1	2	3
3	1	2	4
3	1	2	5
3	1	2	6
3	1	2	7
3	1	2	8
3	1	3	4
3	1	3	5
3	1	3	6
3	1	3	7
3	1	3	8
3	1	4	5
3	1	4	6
3	1	4	7
3	1	4	8
3	1	5	6
3	1	5	7
3	1	5	8
3	1	6	7
3	1	6	8
3	1	7	8
3	2	3	4
3	2	3	5
3	2	3	6
3	2	3	7
3	2	3	8
3	2	4	5
3	2	4	6
3	2	4	7
3	2	4	8
3	2	5	6
3	2	5	7
3	2	5	8
3	2	6	7
3	2	6	8
3	2	7	8
3	3	4	5
3	3	4	6
3	3	4	7
3	3	4	8
3	3	5	6
3	3	5	7
3	3	5	8
3	3	6	7
3	3	6	8
3	3	7	8
3	4	5	6
3	4	5	7
3	4	5	8
3	4	6	7
3	4	6	8
3	4	7	8
3	5	6	7
3	5	6	8
3	5	7	8
3	6	7	8
4	0	1	2	3
4	0	1	2	4
4	0	1	2	5
4	0	1	2	6
4	0	1	2	7
4	0	1	2	8
4	0	1	3	4
4	0	1	3	5
4	0	1	3	6
4	0	1	3	7
4	0	1	3	8
4	0	1	4	5
4	0	1	4	6
4	0	1	4	7
4	0	1	4	8
4	0	1	5	6
4	0	1	5	7
4	0	1	5	8
4	0	1	6	7
4	0	1	6	8
4	0	1	7	8
4	0	2	3	4
4	0	2	3	5
4	0	2	3	6
4	0	2	3	7
4	0	2	3	8
4	0	2	4	5
4	0	2	4	6
4	0	2	4	7
4	0	2	4	8
4	0	2	5	6
4	0	2	5	7
4	0	2	5	8
4	0	2	6	7
4	0	2	6	8
4	0	2	7	8
4	0	3	4	5
4	0	3	4	6
4	0	3	4	7
4	0	3	4	8
4	0	3	5	6
4	0	3	5	7
4	0	3	5	8
4	0	3	6	7
4	0	3	6	8
4	0	3	7	8
4	0	4	5	6
4	0	4	5	7
4	0	4	5	8
4	0	4	6	7
4	0	4	6	8
4	0	4	7	8
4	0	5	6	7
4	0	5	6	8
4	0	5	7	8
4	0	6	7	8
4	1	2	3	4
4	1	2	3	5
4	1	2	3	6
4	1	2	3	7
4	1	2	3	8
4	1	2	4	5
4	1	2	4	6
4	1	2	4	7
4	1	2	4	8
4	1	2	5	6
4	1	2	5	7
4	1	2	5	8
4	1	2	6	7
4	1	2	6	8
4	1	2	7	8
4	1	3	4	5
4	1	3	4	6
4	1	3	4	7
4	1	3	4	8
4	1	3	5	6
4	1	3	5	7
4	1	3	5	8
4	1	3	6	7
4	1	3	6	8
4	1	3	7	8
4	1	4	5	6
4	1	4	5	7
4	1	4	5	8
4	1	4	6	7
4	1	4	6	8
4	1	4	7	8
4	1	5	6	7
4	1	5	6	8
4	1	5	7	8
4	1	6	7	8
4	2	3	4	5
4	2	3	4	6
4	2	3	4	7
4	2	3	4	8
4	2	3	5	6
4	2	3	5	7
4	2	3	5	8
4	2	3	6	7
4	2	3	6	8
4	2	3	7	8
4	2	4	5	6
4	2	4	5	7
4	2	4	5	8
4	2	4	6	7
4	2	4	6	8
4	2	4	7	8
4	2	5	6	7
4	2	5	6	8
4	2	5	7	8
4	2	6	7	8
4	3	4	5	6
4	3	4	5	7
4	3	4	5	8
4	3	4	6	7
4	3	4	6	8
4	3	4	7	8
4	3	5	6	7
4	3	5	6	8
4	3	5	7	8
4	3	6	7	8
4	4	5	6	7
4	4	5	6	8
4	4	5	7	8
4	4	6	7	8
4	5	6	7	8