100	4
0.118233	-0.0367073	0.0983914	0.103723	0.143068	-0.105116	-0.0572685	0.0932234	-0.0772346	0.0187573	-0.00785567	0.0447892	-0.0469943	0.0046575	0.157173	0.144649	0.0471667	0.0755217	-0.124561	0.0371771	-0.16811	-0.0893599	-0.12608	0.105717	-0.119321	-0.0344269	-0.128667	-0.135959	0.173402	-0.0979201	0.00449467	0.117859	0.0391481	-0.0708894	0.0478064	0.00844103	-0.00223024	0.164313	-0.072111	0.0943106	0.00929524	0.0938088	-0.0346756	0.136076	-0.0753091	-0.0512782	0.10695	0.145633	-0.149532	0.156164	0.00903471	-0.143867	-0.106971	0.0567297	0.135626	-0.0525174	-0.151473	-0.166816	-0.0147008	-0.151846	-0.090961	0.163569	0.139788	0.121962	-0.0810955	0.0138187	-0.0433719	0.0904497	0.00435668	0.0582925	0.0109848	-0.160124	-0.0216741	0.150085	0.149728	0.0767922	-0.074969	0.0829028	0.0486498	-0.0507255	0.0652914	-0.116091	-0.0208167	0.132095	0.114414	-0.0589665	-0.0941973	0.136717	-0.0520075	0.0648773	0.158646	0.030807	0.0546712	0.124658	-0.021006	0.147351	-0.0352984	0.109398	0.0640253	0.142834
-0.0321393	-0.0860691	0.127409	0.116231	-0.148715	0.149788	0.059543	-0.0433297	0.0568648	-0.0767876	0.0966	-0.0738305	-0.00709945	-0.091872	-0.138632	-0.106426	0.00821428	-0.0445118	-0.0818303	0.126633	-0.0941642	-0.104107	0.0265694	0.0628396	0.187339	0.151933	0.0898262	-0.00845926	0.044215	-0.0217482	-0.0692662	-0.115043	0.019301	-0.0689753	-0.12593	0.0751103	-0.123712	0.0607317	-0.0953377	0.0602714	-0.143174	0.128381	-0.140677	-0.0231553	-0.0906096	-0.0747858	0.0749428	0.044723	0.0852266	0.120231	0.0442381	0.118181	-0.110995	-0.133717	-0.0235037	-0.12818	-0.108902	-0.0607959	-0.00952048	0.139837	0.0445742	0.0483317	-0.179729	-0.140649	0.183881	-0.101135	0.138986	-0.144355	0.164121	-0.160876	0.12044	-0.106172	-0.159614	0.106881	-0.00220853	-0.123105	-0.095023	-0.0543841	0.126142	0.117322	-0.0612715	0.0432618	0.0309786	-0.0451479	0.0366636	-0.119643	0.0311967	0.0548803	-0.0533211	0.148795	-0.00980639	0.118372	0.0700079	0.0149884	-0.149396	0.0493643	0.118378	0.116708	0.109533	0.0779745
0.164358	0.0966069	0.130662	0.15988	0.0540514	0.00186303	-0.11957	0.113028	0.146243	-0.151875	0.050398	-0.0923676	0.0520818	-0.0943903	0.0644308	-0.0755374	-0.0673387	-0.102905	-0.138539	0.0384098	-0.0792541	0.0689825	0.0149752	0.157942	-0.0776291	0.0125625	0.0879381	-0.126857	-0.0296621	0.0443931	0.164643	-0.0237069	-0.0643485	0.136902	-0.0222303	-0.185289	-0.0499947	0.0166025	0.133088	-0.1091	0.0700756	-0.0218621	0.00388068	-0.0831911	0.0890961	-0.10668	0.0300317	-0.183591	-0.0208248	0.0498957	0.0601672	0.0583244	-0.0395249	-0.113618	0.0275059	0.0578375	0.104293	-0.0429592	0.0893839	-0.10036	0.159837	0.0486788	0.0509242	-0.0932716	0.0105897	-0.146298	-0.0898	0.135587	0.0590651	-0.145472	-0.148505	-0.0292625	0.0380146	0.0137786	0.0459496	-0.0782378	0.112447	-0.0824219	-0.0730687	-0.113726	0.172822	-0.171305	0.11959	-0.072051	-0.126519	-0.0113076	0.174547	0.136177	0.104136	0.058582	-0.152944	0.0586251	-0.0511423	0.0867407	0.170702	0.134439	0.129203	-0.124447	0.0950339	-0.000491859
0.250452	-0.0261695	0.356463	0.379834	0.048405	0.0465344	-0.117296	0.162922	0.125873	-0.209906	0.139142	-0.121409	-0.00201191	-0.181605	0.0829712	-0.0373145	-0.0119577	-0.0718949	-0.344931	0.20222	-0.341528	-0.124485	-0.0845359	0.326498	-0.00961133	0.130069	0.0490976	-0.271275	0.187955	-0.0752752	0.0998719	-0.0208909	-0.00589941	-0.00296222	-0.100354	-0.101737	-0.175937	0.241648	-0.0343603	0.0454818	-0.0638033	0.200327	-0.171472	0.02973	-0.0768226	-0.232744	0.211924	0.00676492	-0.0851301	0.326291	0.11344	0.0326385	-0.257491	-0.190605	0.139628	-0.12286	-0.156081	-0.270572	0.0651626	-0.112369	0.11345	0.26058	0.0109826	-0.111958	0.113375	-0.233614	0.00581363	0.0816809	0.227543	-0.248056	-0.0170802	-0.295558	-0.143273	0.270744	0.193469	-0.124551	-0.0575449	-0.0539031	0.101723	-0.0471297	0.176842	-0.244134	0.129752	0.0148966	0.0245583	-0.189918	0.111546	0.327774	-0.00119205	0.272254	-0.00410409	0.207804	0.0735367	0.226387	0.000300257	0.331154	0.212282	0.101659	0.268592	0.220316
11
2	0	1
2	0	2
2	0	3
2	1	2
2	1	3
2	2	3
3	0	1	2
3	0	1	3
3	0	2	3
3	1	2	3
4	0	1	2	3