20	4
0.295285	-0.0916762	0.245732	0.259048	0.357312	-0.262527	-0.143028	0.232825	-0.192893	0.0468462	-0.0196195	0.111861	-0.117368	0.0116321	0.392538	0.36126	0.117799	0.188615	-0.311091	0.0928496
-0.337338	-0.199926	-0.250987	0.249006	-0.22719	-0.0958594	-0.288782	-0.273318	0.357215	-0.206866	0.00804725	0.262937	0.0745272	-0.151608	0.135434	0.048116	0.0049655	0.369282	-0.180992	0.210679
-0.192257	0.112009	-0.241496	0.434885	-0.331168	-0.151811	0.0964869	0.164722	-0.129666	0.241476	0.0270406	-0.194093	-0.196441	0.0450557	0.359133	-0.123501	-0.357596	-0.193474	-0.111156	-0.240514
-0.234311	-0.179594	-0.246751	0.942939	-0.201045	-0.510197	-0.335323	0.124229	0.0346565	0.0814555	0.0154684	0.180705	-0.239281	-0.0949207	0.887104	0.285875	-0.234832	0.364423	-0.603239	0.0630145
11
2	0	1
2	0	2
2	0	3
2	1	2
2	1	3
2	2	3
3	0	1	2
3	0	1	3
3	0	2	3
3	1	2	3
4	0	1	2	3