20	9
0.295285	-0.0916762	0.245732	0.259048	0.357312	-0.262527	-0.143028	0.232825	-0.192893	0.0468462	-0.0196195	0.111861	-0.117368	0.0116321	0.392538	0.36126	0.117799	0.188615	-0.311091	0.0928496
-0.337338	-0.199926	-0.250987	0.249006	-0.22719	-0.0958594	-0.288782	-0.273318	0.357215	-0.206866	0.00804725	0.262937	0.0745272	-0.151608	0.135434	0.048116	0.0049655	0.369282	-0.180992	0.210679
-0.192257	0.112009	-0.241496	0.434885	-0.331168	-0.151811	0.0964869	0.164722	-0.129666	0.241476	0.0270406	-0.194093	-0.196441	0.0450557	0.359133	-0.123501	-0.357596	-0.193474	-0.111156	-0.240514
-0.247596	0.383264	0.435119	0.0643395	-0.143413	0.169384	-0.175865	0.0725963	0.169441	-0.00976714	0.0203433	-0.324865	0.0850362	0.366605	0.14006	0.206084	-0.0314066	0.338218	0.242954	-0.000339669
0.0383652	-0.281368	-0.262024	0.212429	0.0997337	-0.0276299	-0.1151	0.257406	-0.0853801	0.187266	0.442142	0.0176869	0.185634	0.301961	-0.291856	0.139802	-0.196217	0.0932025	0.337305	0.29304
0.0714088	-0.208445	0.45178	0.372203	-0.233417	0.301786	0.158383	0.0318363	0.00632219	-0.12949	0.242172	-0.21172	-0.0842041	-0.198724	-0.219307	-0.158284	0.0417625	-0.122061	-0.293199	0.307466
-0.296858	-0.143197	-0.0928273	0.0826954	0.513934	0.278855	0.229369	-0.0151632	0.0807667	0.0244293	-0.30632	-0.284	0.0212708	-0.128071	-0.170945	0.210786	-0.389784	0.135445	-0.194163	-0.0330926
-0.187248	0.413378	0.00160242	-0.158962	0.0856136	-0.169559	0.158003	0.252317	0.165385	0.309412	0.0956367	0.286126	-0.285774	-0.273337	-0.0540086	-0.101478	-0.140032	-0.011521	-0.0344974	0.489334
-0.428119	-0.00798057	0.143449	0.757822	0.0607028	0.0213195	-0.0402668	0.361611	0.185596	0.231653	0.254722	-0.168033	-0.158659	-0.0132432	0.145524	0.291393	-0.475254	0.398853	-0.27242	0.559711
246
2	0	1
2	0	2
2	0	3
2	0	4
2	0	5
2	0	6
2	0	7
2	0	8
2	1	2
2	1	3
2	1	4
2	1	5
2	1	6
2	1	7
2	1	8
2	2	3
2	2	4
2	2	5
2	2	6
2	2	7
2	2	8
2	3	4
2	3	5
2	3	6
2	3	7
2	3	8
2	4	5
2	4	6
2	4	7
2	4	8
2	5	6
2	5	7
2	5	8
2	6	7
2	6	8
2	7	8
3	0	1	2
3	0	1	3
3	0	1	4
3	0	1	5
3	0	1	6
3	0	1	7
3	0	1	8
3	0	2	3
3	0	2	4
3	0	2	5
3	0	2	6
3	0	2	7
3	0	2	8
3	0	3	4
3	0	3	5
3	0	3	6
3	0	3	7
3	0	3	8
3	0	4	5
3	0	4	6
3	0	4	7
3	0	4	8
3	0	5	6
3	0	5	7
3	0	5	8
3	0	6	7
3	0	6	8
3	0	7	8
3	1	2	3
3	1	2	4
3	1	2	5
3	1	2	6
3	1	2	7
3	1	2	8
3	1	3	4
3	1	3	5
3	1	3	6
3	1	3	7
3	1	3	8
3	1	4	5
3	1	4	6
3	1	4	7
3	1	4	8
3	1	5	6
3	1	5	7
3	1	5	8
3	1	6	7
3	1	6	8
3	1	7	8
3	2	3	4
3	2	3	5
3	2	3	6
3	2	3	7
3	2	3	8
3	2	4	5
3	2	4	6
3	2	4	7
3	2	4	8
3	2	5	6
3	2	5	7
3	2	5	8
3	2	6	7
3	2	6	8
3	2	7	8
3	3	4	5
3	3	4	6
3	3	4	7
3	3	4	8
3	3	5	6
3	3	5	7
3	3	5	8
3	3	6	7
3	3	6	8
3	3	7	8
3	4	5	6
3	4	5	7
3	4	5	8
3	4	6	7
3	4	6	8
3	4	7	8
3	5	6	7
3	5	6	8
3	5	7	8
3	6	7	8
4	0	1	2	3
4	0	1	2	4
4	0	1	2	5
4	0	1	2	6
4	0	1	2	7
4	0	1	2	8
4	0	1	3	4
4	0	1	3	5
4	0	1	3	6
4	0	1	3	7
4	0	1	3	8
4	0	1	4	5
4	0	1	4	6
4	0	1	4	7
4	0	1	4	8
4	0	1	5	6
4	0	1	5	7
4	0	1	5	8
4	0	1	6	7
4	0	1	6	8
4	0	1	7	8
4	0	2	3	4
4	0	2	3	5
4	0	2	3	6
4	0	2	3	7
4	0	2	3	8
4	0	2	4	5
4	0	2	4	6
4	0	2	4	7
4	0	2	4	8
4	0	2	5	6
4	0	2	5	7
4	0	2	5	8
4	0	2	6	7
4	0	2	6	8
4	0	2	7	8
4	0	3	4	5
4	0	3	4	6
4	0	3	4	7
4	0	3	4	8
4	0	3	5	6
4	0	3	5	7
4	0	3	5	8
4	0	3	6	7
4	0	3	6	8
4	0	3	7	8
4	0	4	5	6
4	0	4	5	7
4	0	4	5	8
4	0	4	6	7
4	0	4	6	8
4	0	4	7	8
4	0	5	6	7
4	0	5	6	8
4	0	5	7	8
4	0	6	7	8
4	1	2	3	4
4	1	2	3	5
4	1	2	3	6
4	1	2	3	7
4	1	2	3	8
4	1	2	4	5
4	1	2	4	6
4	1	2	4	7
4	1	2	4	8
4	1	2	5	6
4	1	2	5	7
4	1	2	5	8
4	1	2	6	7
4	1	2	6	8
4	1	2	7	8
4	1	3	4	5
4	1	3	4	6
4	1	3	4	7
4	1	3	4	8
4	1	3	5	6
4	1	3	5	7
4	1	3	5	8
4	1	3	6	7
4	1	3	6	8
4	1	3	7	8
4	1	4	5	6
4	1	4	5	7
4	1	4	5	8
4	1	4	6	7
4	1	4	6	8
4	1	4	7	8
4	1	5	6	7
4	1	5	6	8
4	1	5	7	8
4	1	6	7	8
4	2	3	4	5
4	2	3	4	6
4	2	3	4	7
4	2	3	4	8
4	2	3	5	6
4	2	3	5	7
4	2	3	5	8
4	2	3	6	7
4	2	3	6	8
4	2	3	7	8
4	2	4	5	6
4	2	4	5	7
4	2	4	5	8
4	2	4	6	7
4	2	4	6	8
4	2	4	7	8
4	2	5	6	7
4	2	5	6	8
4	2	5	7	8
4	2	6	7	8
4	3	4	5	6
4	3	4	5	7
4	3	4	5	8
4	3	4	6	7
4	3	4	6	8
4	3	4	7	8
4	3	5	6	7
4	3	5	6	8
4	3	5	7	8
4	3	6	7	8
4	4	5	6	7
4	4	5	6	8
4	4	5	7	8
4	4	6	7	8
4	5	6	7	8